NOAA 15                 
1 25338U 98030A   16047.53100108  .00000107  00000-0  64112-4 0  9993
2 25338  98.7822  51.4443 0010712 173.6753 186.4563 14.25703237923655
NOAA 18                 
1 28654U 05018A   16047.56071648  .00000089  00000-0  73597-4 0  9996
2 28654  99.1971  51.3317 0014253 359.7899   0.3263 14.12267972553567
METOP-A                 
1 29499U 06044A   16047.20722521  .00000043  00000-0  39627-4 0  9994
2 29499  98.7129 107.8855 0002184 119.1606 309.1688 14.21475432483951
NOAA 19                 
1 33591U 09005A   16047.56670897  .00000185  00000-0  12593-3 0  9998
2 33591  99.0247   3.4457 0013563 197.9520 162.1174 14.12040551361979
METOP-B                 
1 38771U 12049A   16047.61111568  .00000053  00000-0  44138-4 0  9991
2 38771  98.6639 108.5405 0001140 135.9826   8.0229 14.21504477177148
SARAL                   
1 39086U 13009A   16048.16179110  .00000098  00000-0  52336-4 0  9994
2 39086  98.5405 237.2916 0001022  43.5022 316.6242 14.32251714155544
