BEIDOU G1               
1 36287U 10001A   16048.44153007 -.00000308  00000-0  10000-3 0  9997
2 36287   1.5761   9.9788 0003853 216.4125 219.3475  1.00276010 22348
BEIDOU G3               
1 36590U 10024A   16047.44770223 -.00000379  00000-0  00000+0 0  9996
2 36590   1.4792  30.0863 0003761 281.3829 106.0890  1.00274437 20945
BEIDOU IGSO 1           
1 36828U 10036A   16047.52046804 -.00000124  00000-0  10000-3 0  9996
2 36828  54.2553 198.3128 0042662 213.1808  42.3500  1.00271475 20371
BEIDOU G4               
1 37210U 10057A   16047.63974991 -.00000136  00000-0  00000+0 0  9992
2 37210   0.9140  48.7895 0006950 188.6864 298.9378  1.00271267 19441
BEIDOU IGSO 2           
1 37256U 10068A   16047.85712727 -.00000240  00000-0  10000-3 0  9996
2 37256  53.7238 316.9136 0040077 207.2569  50.6271  1.00277735 18968
BEIDOU IGSO 3           
1 37384U 11013A   16047.44860566 -.00000173  00000-0  10000-3 0  9994
2 37384  57.2292  78.0466 0027434 202.0857 145.8294  1.00298421 17838
BEIDOU IGSO 4           
1 37763U 11038A   16047.79562372 -.00000063  00000-0  10000-3 0  9992
2 37763  54.5649 200.5927 0035260 199.8550 127.1745  1.00262855 16800
BEIDOU IGSO 5           
1 37948U 11073A   16047.99581677 -.00000181  00000-0  10000-3 0  9998
2 37948  53.8163 316.3657 0036326 204.7182  78.6718  1.00282852 15566
BEIDOU G5               
1 38091U 12008A   16048.01491740  .00000032  00000-0  00000+0 0  9991
2 38091   1.4571  43.6938 0002284 215.6993 311.0444  1.00269688 14647
BEIDOU M3               
1 38250U 12018A   16048.16680301 -.00000023  00000-0  10000-3 0  9994
2 38250  55.9185  70.4712 0024526 217.6977 247.4940  1.86233175 26028
BEIDOU M4               
1 38251U 12018B   16047.66466161 -.00000026  00000-0  10000-3 0  9998
2 38251  55.8549  69.9479 0026829 211.3524 324.3502  1.86234001 26019
BEIDOU M6               
1 38775U 12050B   16047.68956892  .00000019  00000-0  00000+0 0  9998
2 38775  54.8399 189.7139 0018360 218.4434 168.7220  1.86233087 23393
BEIDOU G6               
1 38953U 12059A   16048.52521228 -.00000162  00000-0  10000-3 0  9995
2 38953   0.6711  76.0600 0003402 206.9103 133.0516  1.00271156 12223
BEIDOU I1-S             
1 40549U 15019A   16047.92502036 -.00000204  00000-0  00000+0 0  9999
2 40549  54.7971 339.3173 0040441 180.6899  54.9794  1.00287797  3248
BEIDOU-3 M1             
1 40748U 15037A   16048.08444632 -.00000027  00000-0  00000+0 0  9998
2 40748  55.1204  70.1991 0009528 263.3528  99.2632  1.86229595  3856
BEIDOU-3 M2             
1 40749U 15037B   16047.44312749 -.00000029  00000-0  00000+0 0  9993
2 40749  55.1224  70.2061 0010098 270.9719 158.0704  1.86237251  3838
BEIDOU I2-S             
1 40938U 15053A   16046.73967962 -.00000161  00000-0  00000+0 0  9992
2 40938  54.8560 302.1748 0042719 165.5957  40.9544  1.00268860  1514
BEIDOU M3-S             
1 41315U 16006A   16047.69565458  .00000020  00000-0  00000+0 0  9994
2 41315  55.0101 189.8546 0082170 174.0010 186.8936  1.83916520   332
