EYESAT-1 (AO-27)        
1 22825U 93061C   16047.82300571  .00000108  00000-0  59257-4 0  9993
2 22825  98.7439   3.4239 0007710 319.0532  41.0070 14.29938763167895
CUTE-1 (CO-55)          
1 27844U 03031E   16048.00055204  .00000245  00000-0  13096-3 0  9990
2 27844  98.6948  58.0184 0008917 318.2437  41.8060 14.21915275655226
CUBESAT XI-IV (CO-57)   
1 27848U 03031J   16048.01196637  .00000209  00000-0  11540-3 0  9993
2 27848  98.7045  58.0621 0008956 326.9114  33.1502 14.21546250655123
CUBESAT XI-V (CO-58)    
1 28895U 05043F   16048.18866518  .00000930  00000-0  18940-3 0  9993
2 28895  97.8241 228.2627 0015852 239.5127 120.4511 14.63100465549411
NTS (CANX-6)            
1 32784U 08021B   16047.83892248  .00001114  00000-0  13306-3 0  9990
2 32784  97.6189  83.9061 0014056 348.9109  11.1795 14.86057442422387
CUTE-1.7+APD II (CO-65) 
1 32785U 08021C   16048.48909493  .00001594  00000-0  18177-3 0  9997
2 32785  97.6184  87.6405 0012698 342.6527  17.4254 14.87402946422687
COMPASS-1               
1 32787U 08021E   16048.12733856  .00003676  00000-0  37035-3 0  9995
2 32787  97.6198  92.9695 0011779 324.1184  35.9243 14.91696926423016
AAUSAT-II               
1 32788U 08021F   16047.80695957  .00003574  00000-0  34994-3 0  9997
2 32788  97.6206  94.6070 0011049 320.7285  39.3132 14.92859613423084
DELFI-C3 (DO-64)        
1 32789U 08021G   16047.81715070  .00007275  00000-0  55358-3 0  9997
2 32789  97.6235 109.1470 0011267 321.6483  38.3939 15.02352638423772
CANX-2                  
1 32790U 08021H   16047.64720085  .00001178  00000-0  13658-3 0  9995
2 32790  97.6142  85.5947 0013484 346.4177  13.6675 14.87180742422516
SEEDS II (CO-66)        
1 32791U 08021J   16048.08016101  .00002219  00000-0  23811-3 0  9991
2 32791  97.6195  90.0001 0012901 333.6985  26.3576 14.89527995422760
SWISSCUBE               
1 35932U 09051B   16048.30532184  .00000869  00000-0  20954-3 0  9998
2 35932  98.4309 174.0750 0006678 309.7882  50.2727 14.55720895339627
BEESAT                  
1 35933U 09051C   16048.33642574  .00000771  00000-0  18655-3 0  9994
2 35933  98.4329 175.1389 0005056 327.7813  32.3075 14.55874677339729
ITUPSAT 1               
1 35935U 09051E   16048.19670406  .00000689  00000-0  17069-3 0  9991
2 35935  98.4437 175.2446 0007257 315.4687  44.5926 14.55091393339551
TISAT 1                 
1 36799U 10035E   16048.28149628  .00003131  00000-0  33420-3 0  9995
2 36799  98.0208 156.7999 0013865 120.7969 239.4615 14.89501462303428
M-CUBED & EXP-1 PRIME   
1 37855U 11061F   16047.84348611  .00009656  00000-0  53533-3 0  9998
2 37855 101.7184  27.4399 0190768  75.0920 287.1327 14.99954019233795
AAUSAT3                 
1 39087U 13009B   16048.51585079  .00000376  00000-0  14650-3 0  9994
2 39087  98.5891 250.9660 0011675 304.5581  55.4525 14.35298822155846
STRAND-1                
1 39090U 13009E   16048.56120521  .00000171  00000-0  75883-4 0  9999
2 39090  98.5924 251.4426 0008288 303.5413  56.4980 14.34872763155838
BRITE-AUSTRIA           
1 39091U 13009F   16048.11158575  .00000116  00000-0  56171-4 0  9999
2 39091  98.5876 250.5618 0009698 313.2338  46.8037 14.34954578155783
UNIBRITE                
1 39092U 13009G   16048.55625032  .00000128  00000-0  60706-4 0  9997
2 39092  98.5879 250.7629 0008482 304.7230  55.3156 14.34828129155832
AIST-2                  
1 39133U 13015D   16048.33847311  .00001703  00000-0  13609-3 0  9991
2 39133  64.8764  20.3391 0009868 209.3360 311.3207 15.03684808155234
SOMP                    
1 39134U 13015E   16048.22652913  .00011549  00000-0  62368-3 0  9997
2 39134  64.8730 351.9358 0012586 236.5581 123.4341 15.14999367155784
BEESAT-2                
1 39136U 13015G   16048.25301434  .00009772  00000-0  56193-3 0  9995
2 39136  64.8739 356.5285 0012823 232.0635 127.9331 15.12861040155704
NEE-01 PEGASUS          
1 39151U 13018B   16048.18706506  .00001302  00000-0  18165-3 0  9994
2 39151  98.0014 136.3929 0017412 177.8822 182.2466 14.79327490151682
CUBEBUG-1 (CAPITAN BETO)
1 39153U 13018D   16048.18494080  .00001505  00000-0  20679-3 0  9995
2 39153  98.0023 136.7543 0017245 176.9461 183.1859 14.79733240151706
ESTCUBE 1               
1 39161U 13021C   16048.42884895  .00000916  00000-0  15551-3 0  9990
2 39161  98.0549 134.0696 0008366 251.1225 108.9079 14.71546315149305
POPACS 1                
1 39268U 13055D   16047.99726531  .00025979  00000-0  78326-3 0  9993
2 39268  81.0083 153.1573 0679842 199.0210 158.4427 14.24045289122806
POPACS 2                
1 39269U 13055E   16047.59558134  .00014182  00000-0  43447-3 0  9992
2 39269  81.0201 160.1196 0719736 218.1181 136.6963 14.15300946122341
POPACS 3                
1 39270U 13055F   16047.04161355  .00007314  00000-0  24113-3 0  9997
2 39270  81.0158 164.0401 0737074 231.3299 121.9704 14.10032708122037
PHONESAT 2.4            
1 39381U 13064B   16048.05466255  .00060954  00000-0  84241-3 0  9996
2 39381  40.4959  56.6030 0006558 235.0112 125.0094 15.56186014125944
FIREFLY                 
1 39404U 13064AA  16048.13417362  .00042928  00000-0  73189-3 0  9996
2 39404  40.5093  69.2799 0006646 221.9516 138.0795 15.50519797125250
ZACUBE-1 (TSHEPISOSAT)  
1 39417U 13066B   16048.14989921  .00001447  00000-0  19097-3 0  9997
2 39417  97.6972 106.0999 0061059  58.8214 301.8965 14.80235108120860
WNISAT-1                
1 39423U 13066H   16048.48732890  .00000461  00000-0  10093-3 0  9994
2 39423  97.6795  71.6861 0176723 156.6001 204.3368 14.52625460118719
CINEMA-2 (KHUSAT-2)     
1 39424U 13066J   16048.11708528  .00001013  00000-0  15849-3 0  9994
2 39424  97.6869  95.4182 0094935  86.5843 274.6218 14.71820774120196
CINEMA-3 (KHUSAT-2)     
1 39426U 13066L   16048.08487588  .00000850  00000-0  14111-3 0  9991
2 39426  97.6829  91.6841 0106761  96.8085 264.5282 14.68875986119960
TRITON-1                
1 39427U 13066M   16048.10013004  .00001170  00000-0  19620-3 0  9999
2 39427  97.6829  89.0433 0116454 104.5549 256.8606 14.67058113119767
GOMX 1                  
1 39430U 13066Q   16048.30800508  .00000850  00000-0  16424-3 0  9991
2 39430  97.6809  78.3891 0153543 136.6328 224.7087 14.58459178119100
BRITE-PL                
1 39431U 13066R   16048.19399022  .00000373  00000-0  89775-4 0  9993
2 39431  97.6818  64.2437 0203123 180.3292 179.7801 14.46663714118187
HUMSAT-D                
1 39433U 13066T   16047.71263543  .00002502  00000-0  25956-3 0  9996
2 39433  97.7117 117.6618 0032448  34.5535 325.7783 14.90483027121526
EAGLE 2                 
1 39436U 13066W   16048.29045461  .00053729  00000-0  26880-2 0  9993
2 39436  97.7229 132.3149 0016997 347.1936  12.8863 15.17094547122513
VELOX-PII               
1 39438U 13066Y   16048.10730260  .00001191  00000-0  16818-3 0  9990
2 39438  97.6930 102.2540 0072822  68.4362 292.4589 14.77143482120617
CUBEBUG-2 (LO-74)       
1 39440U 13066AA  16048.20361806  .00001340  00000-0  19562-3 0  9995
2 39440  97.6911  99.3916 0082758  75.7918 285.2468 14.75010034120440
NEE-02 KRYSAOR          
1 39441U 13066AB  16047.68171518  .00000853  00000-0  12906-3 0  9999
2 39441  97.6892  98.2954 0084028  79.0823 281.9827 14.74290021120293
FUNCUBE-1 (AO-73)       
1 39444U 13066AE  16047.81548599  .00001553  00000-0  20156-3 0  9998
2 39444  97.6980 106.2530 0060301  58.4078 302.3002 14.80866910119615
UWE-3                   
1 39446U 13066AG  16048.12453295  .00001377  00000-0  19178-3 0  9999
2 39446  97.6934 102.5410 0072340  67.5234 293.3616 14.77527949119413
BRITE-TORONTO           
1 40020U 14033L   16048.51182827  .00000536  00000-0  10033-3 0  9994
2 40020  97.9055 293.1047 0089204  70.8051 290.2781 14.66199635 88929
DUCHIFAT-1              
1 40021U 14033M   16048.53857616  .00003370  00000-0  36350-3 0  9991
2 40021  97.9397 314.7828 0014794  98.0838 262.2057 14.89001775 90305
FLOCK 1C-10             
1 40023U 14033P   16048.22241798  .00001609  00000-0  18202-3 0  9996
2 40023  97.9442 314.2224 0014455 100.3048 259.9795 14.87796768 90221
NANOSATC-BR1            
1 40024U 14033Q   16048.47301937  .00003030  00000-0  33195-3 0  9994
2 40024  97.9375 314.2611 0014021  97.9911 262.2897 14.88453337 90274
QB50P1                  
1 40025U 14033R   16048.54899441  .00002094  00000-0  23503-3 0  9996
2 40025  97.9374 313.9948 0014123  98.8077 261.4738 14.87803508 90261
FLOCK 1C-7              
1 40026U 14033S   16048.32579753  .00003455  00000-0  38006-3 0  9990
2 40026  97.9452 314.4730 0012796  97.1576 263.1093 14.88204516 90251
FLOCK 1C-1              
1 40027U 14033T   16048.22721774  .00002544  00000-0  28317-3 0  9994
2 40027  97.9452 314.2893 0014102  97.0382 263.2451 14.87948532 90236
POPSAT-HIP-1            
1 40028U 14033U   16048.40614594  .00001651  00000-0  18715-3 0  9995
2 40028  97.9404 313.9896 0015498  96.8375 263.4572 14.87682938 90232
FLOCK 1C-2              
1 40029U 14033V   16048.24694029  .00001430  00000-0  16212-3 0  9994
2 40029  97.9445 314.2330 0015404  95.0568 265.2406 14.87892180 90224
FLOCK 1C-4              
1 40031U 14033X   16048.24198917  .00002041  00000-0  22878-3 0  9996
2 40031  97.9452 314.2533 0015791  92.8975 267.4072 14.87878558 90211
QB50P2                  
1 40032U 14033Y   16048.52129569  .00001985  00000-0  22546-3 0  9993
2 40032  97.9363 313.5291 0013576  93.3309 266.9460 14.87370377 90235
FLOCK 1C-11             
1 40033U 14033Z   16048.27738154  .00003240  00000-0  35106-3 0  9994
2 40033  97.9440 314.5785 0013601  89.9909 270.2847 14.88866968 90253
ANTELSAT                
1 40034U 14033AA  16048.20589239  .00001237  00000-0  19381-3 0  9997
2 40034  97.9198 299.5467 0060952  54.5102 306.1782 14.73227965 89366
FLOCK 1C-9              
1 40035U 14033AB  16048.52076581  .00002354  00000-0  26250-3 0  9998
2 40035  97.9450 314.6679 0013234  86.4544 273.8177 14.87953292 90260
FLOCK 1C-6              
1 40036U 14033AC  16048.51071449  .00003245  00000-0  35830-3 0  9990
2 40036  97.9474 314.7340 0013598  87.7880 272.4893 14.88093558 90275
PERSEUS-M2              
1 40037U 14033AD  16048.53416370  .00000797  00000-0  97477-4 0  9994
2 40037  97.9400 313.1037 0015829  93.1429 267.1592 14.85941861 90183
FLOCK 1C-5              
1 40038U 14033AE  16048.52073714  .00002185  00000-0  24327-3 0  9991
2 40038  97.9460 314.6377 0015755  87.2716 273.0291 14.88070476 90263
PERSEUS-M1              
1 40039U 14033AF  16048.54658657  .00000721  00000-0  89622-4 0  9993
2 40039  97.9416 312.8939 0015595  88.5265 271.7731 14.85570477 90171
FLOCK 1C-8              
1 40040U 14033AG  16048.30118761  .00003711  00000-0  39424-3 0  9992
2 40040  97.9447 315.0067 0014536  82.3597 277.9302 14.89557702 90260
FLOCK 1C-3              
1 40041U 14033AH  16048.24439230  .00001683  00000-0  19026-3 0  9995
2 40041  97.9493 314.3133 0014568  85.1561 275.1328 14.87768708 90216
POLYITAN-1              
1 40042U 14033AJ  16048.45384872  .00002682  00000-0  30268-3 0  9991
2 40042  97.9445 313.7547 0016618  87.2538 273.0579 14.87313296 90203
TIGRISAT                
1 40043U 14033AK  16048.54827682  .00001029  00000-0  16084-3 0  9997
2 40043  97.9178 300.3718 0061804  56.0292 304.6769 14.73640972 89307
LEMUR-1                 
1 40044U 14033AL  16048.26712850  .00001066  00000-0  16723-3 0  9998
2 40044  97.9179 299.9809 0060957  57.5932 303.1154 14.73458580 89267
AEROCUBE 6A             
1 40045U 14033AM  16048.26244675  .00002597  00000-0  39025-3 0  9994
2 40045  97.9234 300.2224 0060115  53.6567 307.0170 14.74146485 89118
AEROCUBE 6B             
1 40046U 14033AN  16048.19464634  .00002141  00000-0  32329-3 0  9991
2 40046  97.9229 300.1242 0059567  53.5522 307.1157 14.74143314 89249
UKUBE-1                 
1 40074U 14037F   16048.36807070  .00001739  00000-0  22189-3 0  9995
2 40074  98.3387 136.2611 0004855 163.7634 196.3737 14.82857704 87161
BRITE-PL 2              
1 40119U 14049B   16047.79963642  .00000907  00000-0  11580-3 0  9991
2 40119  97.9681 129.4483 0016623 232.6346 127.3354 14.83816296 81026
FIREBIRD 4              
1 40378U 15003C   16048.21840846  .00017451  00000-0  80053-3 0  9990
2 40378  99.0866 132.2743 0148671 168.5484 191.9186 15.11119313 57505
GRIFEX                  
1 40379U 15003D   16048.22321827  .00013020  00000-0  61923-3 0  9998
2 40379  99.0880 131.7785 0151714 171.1002 189.2968 15.09672220 57472
EXOCUBE                 
1 40380U 15003E   16048.46369903  .00011640  00000-0  56681-3 0  9994
2 40380  99.0900 131.7336 0154160 171.0563 189.3465 15.08646882 57486
DEORBITSAIL             
1 40719U 15032E   16048.50561330  .00003031  00000-0  45447-3 0  9998
2 40719  98.0315 301.1153 0015402 265.0547  94.8904 14.75277883 32690
FLOCK 1E-2              
1 40722U 98067GE  16048.12332336  .00485538  10531-3  12721-2 0  9998
2 40722  51.6316 281.5618 0005429 207.7759 283.9987 15.94280675 34221
FLOCK 1E-1              
1 40723U 98067GF  16048.28250095  .00074217  00000-0  49140-3 0  9998
2 40723  51.6349 287.2706 0000626  86.6735  16.4465 15.74854930 34118
FLOCK 1E-4              
1 40724U 98067GG  16048.26342976  .00086850  00000-0  61483-3 0  9997
2 40724  51.6390 287.9263 0001697 221.1212 236.5895 15.73236829 34106
FLOCK 1E-3              
1 40725U 98067GH  16048.08975874  .00086105  00000-0  53376-3 0  9992
2 40725  51.6366 285.8645 0002565 231.1648 282.4703 15.76301939 34083
FLOCK 1E-7              
1 40726U 98067GJ  16048.06135215  .00073537  00000-0  55914-3 0  9993
2 40726  51.6382 289.4789 0002847  69.7656  77.9270 15.71616495 33916
FLOCK 1E-8              
1 40727U 98067GK  16048.08208537  .00083540  00000-0  56973-3 0  9995
2 40727  51.6383 288.1099 0002638  60.6949  86.9312 15.74120805 33927
FLOCK 1E-5              
1 40728U 98067GL  16048.20471389  .00073093  00000-0  54250-3 0  9995
2 40728  51.6369 288.3026 0002021  15.8026  70.7215 15.72193806 33942
FLOCK 1E-6              
1 40729U 98067GM  16048.10371189  .00081832  00000-0  58118-3 0  9999
2 40729  51.6372 288.2248 0001381 337.0793 176.3137 15.73185621 33943
FLOCK 1E-9              
1 40736U 98067GN  16039.02904015  .12989438  12655-4  21586-3 0  9992
2 40736  51.6394 327.5662 0003320 306.5170  54.1203 16.47974792 32580
FLOCK 1E-10             
1 40737U 98067GP  16048.31662189  .00069944  00000-0  52885-3 0  9999
2 40737  51.6408 288.2597 0002496  90.8606  21.1550 15.71771092 33941
FLOCK 1E-11             
1 40738U 98067GQ  16048.11818402  .00081534  00000-0  56259-3 0  9997
2 40738  51.6374 286.8602 0000799 278.0837 214.6240 15.73861322 33768
FLOCK 1E-12             
1 40739U 98067GR  16048.07215677  .00082976  00000-0  62681-3 0  9995
2 40739  51.6379 289.5738 0001487  13.0691 129.2746 15.71725278 33730
FLOCK 1E-13             
1 40740U 98067GS  16048.26103161  .00059369  00000-0  43932-3 0  9990
2 40740  51.6388 287.9254 0002788  79.4957  17.6094 15.72347384 33750
FLOCK 1E-14             
1 40741U 98067GT  16048.07249513  .00075249  00000-0  55294-3 0  9991
2 40741  51.6364 288.8194 0002361  83.8613  61.0974 15.72417732 33714
SERPENS                 
1 40897U 98067GX  16048.04068547  .00266585  00000-0  13308-2 0  9990
2 40897  51.6335 290.3869 0007657 167.1309 192.9889 15.80507739 23772
S-CUBE                  
1 40898U 98067GY  16048.06150486  .00060543  00000-0  60674-3 0  9992
2 40898  51.6387 296.5898 0007785 133.8844 226.2796 15.64907561 23694
LEMUR-2 JOEL            
1 40932U 15052C   16048.12638831  .00002308  00000-0  23062-3 0  9991
2 40932   6.0044  97.5524 0013687 216.5175 143.4004 14.76947693 21014
LEMUR-2 CHRIS           
1 40933U 15052D   16048.11087119  .00002741  00000-0  28908-3 0  9993
2 40933   6.0095  97.3716 0014519 217.5665 142.3527 14.77114943 21015
LEMUR-2 JEROEN          
1 40934U 15052E   16048.11852591  .00002487  00000-0  26015-3 0  9992
2 40934   6.0110  98.5401 0010338 212.8698 147.0745 14.76331773 20976
LEMUR-2 PETER           
1 40935U 15052F   16048.13579533  .00001919  00000-0  18135-3 0  9990
2 40935   6.0071  98.7318 0010282 210.3586 149.6168 14.76134683 20988
EXACTVIEW 9             
1 40936U 15052G   16048.08116167  .00001705  00000-0  15194-3 0  9990
2 40936   6.0087  99.3900 0010088 201.2504 158.7403 14.75941977 20987
AAUSAT 5                
1 40948U 98067GZ  16048.07489922  .00427328  00000-0  17390-2 0  9993
2 40948  51.6391 290.3091 0009245 171.4049 333.5302 15.84446948 21074
GOMX 3                  
1 40949U 98067HA  16048.08728478  .00061369  00000-0  57022-3 0  9993
2 40949  51.6395 295.2702 0007313 135.0590 225.0999 15.66796414 21010
FLOCK 2B-1              
1 40950U 98067HB  16048.25292292  .00091192  00000-0  83690-3 0  9991
2 40950  51.6398 294.8805 0005711 161.0234 199.0975 15.66951487 20946
FLOCK 2B-2              
1 40951U 98067HC  16048.07588319  .00060215  00000-0  55985-3 0  9998
2 40951  51.6412 295.6484 0006501 145.5715 356.0652 15.66795456 20911
FLOCK 2B-3              
1 40952U 98067HD  16048.27781135  .00079921  00000-0  75825-3 0  9991
2 40952  51.6399 295.0468 0004418 144.1821 215.9472 15.66189435 20928
FLOCK 2B-4              
1 40953U 98067HE  16048.28816898  .00078486  00000-0  75139-3 0  9991
2 40953  51.6399 295.1178 0004289 139.8880 220.2433 15.65972425 20924
FLOCK 2B-5              
1 40954U 98067HF  16048.31159865  .00079757  00000-0  73727-3 0  9993
2 40954  51.6398 294.5296 0008478 131.3943 228.7784 15.66804642 20927
FLOCK 2B-6              
1 40955U 98067HG  16048.08603779  .00076663  00000-0  71806-3 0  9995
2 40955  51.6413 296.4347 0007843 145.7640   7.2845 15.66500937 20874
FLOCK 2B-7              
1 40956U 98067HH  16048.09636399  .00092921  00000-0  84001-3 0  9997
2 40956  51.6391 295.3332 0007424 147.4969 212.6485 15.67302194 20845
FLOCK 2B-8              
1 40957U 98067HJ  16048.28967711  .00096020  00000-0  77718-3 0  9995
2 40957  51.6388 292.8635 0005899 130.7295 229.4216 15.69995609 20895
FLOCK 2B-10             
1 40962U 98067HK  16048.26549677  .00082227  00000-0  77343-3 0  9994
2 40962  51.6395 294.9672 0008206 143.9963 216.1587 15.66363460 20789
FLOCK 2B-9              
1 40963U 98067HL  16048.27376724  .00079367  00000-0  74829-3 0  9994
2 40963  51.6394 295.0201 0007894 152.4696 207.6719 15.66322566 20783
FLOCK 2B-13             
1 40979U 98067HM  16048.08812083  .00074688  00000-0  71261-3 0  9991
2 40979  51.6405 296.0382 0008648 141.8856 218.2753 15.66043433 20657
FLOCK 2B-14             
1 40980U 98067HN  16048.27078851  .00090316  00000-0  80325-3 0  9998
2 40980  51.6393 294.2453 0007710 142.4166 217.7371 15.67713109 20693
ATHENOXAT 1             
1 41168U 15077C   16048.38898852  .00007708  00000-0  43102-3 0  9995
2 41168  14.9892 112.5603 0012953 132.8344 328.3064 15.09078784  9473
GALASSIA                
1 41170U 15077E   16048.41172084  .00008019  00000-0  44197-3 0  9995
2 41170  14.9803 112.0443 0014994 146.9413 213.1877 15.09679622  9487
VELOX 2                 
1 41171U 15077F   16047.48322306  .00005977  00000-0  33544-3 0  9990
2 41171  14.9867 119.8286 0009597 113.6522 246.4823 15.08060740  9331
AGGIESAT 4              
1 41313U 98067HP  16048.20507190  .00024898  00000-0  36670-3 0  9991
2 41313  51.6469 301.3030 0006948 124.3126 235.8524 15.55242434  2872
1998-067HQ              
1 41314U 98067HQ  16047.88190102  .00036381  00000-0  52545-3 0  9995
2 41314  51.6407 302.8857 0006402 123.5381 236.6195 15.55572822  2620
