SAUDISAT 1C             
1 27607U 02058C   16047.81293134  .00000993  00000-0  16066-3 0  9999
2 27607  64.5551 171.6651 0078214 241.6156 117.7046 14.75065214707368
SAUDISAT 2              
1 28371U 04025F   16048.38455447  .00000248  00000-0  68681-4 0  9998
2 28371  98.0671  12.3883 0026712  46.5034 313.8386 14.54152231617238
UNISAT 3                
1 28373U 04025H   16047.81072097  .00000340  00000-0  10693-3 0  9995
2 28373  98.2830 354.0680 0067959 246.6296 112.7737 14.45250191613642
SAUDISAT 3              
1 31118U 07012B   16048.35441519  .00000162  00000-0  35399-4 0  9997
2 31118  97.7221  62.3634 0016135  29.7122 330.5005 14.68973485473686
