PROBA-1                 
1 26958U 01049B   16048.37186771  .00001669  00000-0  15109-3 0  9994
2 26958  97.5011  28.6535 0074550 155.9341 204.5407 14.94597563778943
BIRD 2                  
1 26959U 01049C   16048.45370197  .00010001  00000-0  33077-3 0  9995
2 26959  97.7607 325.1127 0008849 304.5684  55.4721 15.31530005791902
CUTE-1 (CO-55)          
1 27844U 03031E   16048.00055204  .00000245  00000-0  13096-3 0  9990
2 27844  98.6948  58.0184 0008917 318.2437  41.8060 14.21915275655226
CUBESAT XI-IV (CO-57)   
1 27848U 03031J   16048.01196637  .00000209  00000-0  11540-3 0  9993
2 27848  98.7045  58.0621 0008956 326.9114  33.1502 14.21546250655123
GENESIS 1               
1 29252U 06029A   16047.50720844  .00003622  00000-0  19632-3 0  9992
2 29252  64.5065  73.7955 0041672 239.8867 270.3915 15.15604687528046
FALCONSAT-3             
1 30776U 07006E   16047.84444753  .00010894  00000-0  38934-3 0  9995
2 30776  35.4332 263.4257 0001900 291.8185  68.2336 15.28086534493701
GENESIS 2               
1 31789U 07028A   16048.54143749  .00004104  00000-0  22303-3 0  9993
2 31789  64.5061 106.6726 0052249 282.6566  76.8716 15.14861711475306
APRIZESAT 4             
1 35684U 09041D   16048.40969200  .00000621  00000-0  90442-4 0  9991
2 35684  98.0877 340.9844 0046540 221.3190 256.4505 14.78820018353339
APRIZESAT 3             
1 35686U 09041F   16048.09881092  .00000872  00000-0  10006-3 0  9995
2 35686  98.2322  22.4583 0074277 152.3755 208.1437 14.86757429354959
PROBA-2                 
1 36037U 09059B   16048.09707656  .00000172  00000-0  52705-4 0  9994
2 36037  98.2668 242.8098 0014092  37.9461 322.2725 14.52885450333542
APRIZESAT 5             
1 37792U 11044E   16048.33379409  .00000927  00000-0  14260-3 0  9999
2 37792  98.2694 172.9691 0059239 157.4787 202.9041 14.74893527242242
APRIZESAT 6             
1 37793U 11044F   16048.29667647  .00000750  00000-0  12598-3 0  9995
2 37793  98.2352 163.1188 0047443 175.4396 238.1076 14.71996599241784
TET-1                   
1 38710U 12039D   16048.38095197  .00015998  00000-0  39880-3 0  9998
2 38710  97.4926 343.2440 0002994 126.4067 233.7455 15.40299672199337
STSAT-2C                
1 39068U 13003A   16047.99001615  .00063786  17441-6  80789-3 0  9990
2 39068  80.2346   1.7518 0485422 190.2053 168.9030 14.82874438159661
CUSAT 1                 
1 39266U 13055B   16047.39901951  .00019521  00000-0  57586-3 0  9997
2 39266  80.9916 153.9296 0690310 206.3263 150.1262 14.22321239122615
STPSAT-3                
1 39380U 13064A   16048.23180147  .00009548  00000-0  31350-3 0  9993
2 39380  40.5015 129.8017 0004428 175.2643 184.8212 15.31487611125173
APRIZESAT 7             
1 39416U 13066A   16048.15641270  .00000688  00000-0  88770-4 0  9990
2 39416  97.7030 111.3797 0042617  49.8145 310.6788 14.83469512121168
APRIZESAT 8             
1 39425U 13066K   16047.71344717  .00000489  00000-0  68621-4 0  9999
2 39425  97.6984 107.3999 0053485  57.5458 303.0911 14.80746664120900
BUGSAT-1 (TITA)         
1 40014U 14033E   16048.42287251  .00001177  00000-0  11466-3 0  9997
2 40014  97.9563 320.8995 0033143 133.6290 226.7687 14.94102854 90650
SAUDISAT 4              
1 40016U 14033G   16048.26890595  .00000469  00000-0  76087-4 0  9996
2 40016  97.9212 301.8642 0049715  53.2846 307.2914 14.74963501 89532
TABLETSAT-AURORA        
1 40017U 14033H   16048.47428169  .00001711  00000-0  17334-3 0  9994
2 40017  97.9520 318.7114 0024483 129.5486 230.7894 14.92091604 90533
APRIZESAT 9             
1 40018U 14033J   16048.26727259  .00000426  00000-0  76890-4 0  9999
2 40018  97.9115 296.4823 0073001  63.2658 297.5995 14.69662645 89116
APRIZESAT 10            
1 40019U 14033K   16048.23505577  .00000338  00000-0  65938-4 0  9997
2 40019  97.9066 293.5384 0085902  70.1019 290.9416 14.66745471 88988
AISAT                   
1 40054U 14034B   16048.45838686  .00003007  00000-0  44091-3 0  9993
2 40054  98.1987 134.9582 0013933 157.1346 203.0486 14.76283991 88037
CANX-4                  
1 40055U 14034C   16048.22230705  .00000735  00000-0  11866-3 0  9996
2 40055  98.1996 134.0049 0014665 168.1846 191.9709 14.74357343 87939
CANX-5                  
1 40056U 14034D   16048.29026756  .00000771  00000-0  12411-3 0  9990
2 40056  98.1995 134.0727 0014696 168.2039 191.9516 14.74358139 87942
TDS 1                   
1 40076U 14037H   16048.41396950  .00000477  00000-0  68680-4 0  9998
2 40076  98.3284 134.7721 0005665 182.6214 177.4972 14.81130904 87119
TIANTUO 2               
1 40144U 14053B   16048.46684321  .00003956  00000-0  13193-3 0  9992
2 40144  97.3604 128.7242 0011684 196.6678 260.9346 15.31608439 80607
