GOES 3                  
1 10953U 78062A   16047.52663876 -.00000135  00000-0  00000+0 0  9991
2 10953  13.9526 336.4831 0002561 194.3940  61.1631  1.00279257 91087
TDRS 3                  
1 19548U 88091B   16047.06730442 -.00000317  00000-0  00000+0 0  9998
2 19548  14.7613  13.3410 0039266 304.4169 149.6160  1.00276793 87520
SKYNET 4C               
1 20776U 90079A   16047.65624255 -.00000054  00000-0  00000+0 0  9999
2 20776  13.5449  21.1314 0002971 313.6503  46.3536  1.00270017 93100
TDRS 5                  
1 21639U 91054B   16047.35160148  .00000069  00000-0  00000+0 0  9990
2 21639  13.9946  26.7257 0026186 321.9377 116.0184  1.00268002 89860
TDRS 6                  
1 22314U 93003B   16048.16002704 -.00000311  00000-0  00000+0 0  9991
2 22314  13.4838  29.5743 0007958 292.9992 195.8230  1.00270286 84547
INTELSAT 701 (IS-701)   
1 22871U 93066A   16048.41688965 -.00000242  00000-0  00000+0 0  9998
2 22871   3.2712  69.6861 0003707 253.8473 303.8560  1.00272283 81528
NATO 4B                 
1 22921U 93076A   16048.13020689  .00000112  00000-0  00000+0 0  9992
2 22921  11.8742  27.8596 0004111 297.5409 260.6615  1.00268727 81267
INTELSAT 702 (IS-702)   
1 23124U 94034A   16047.69205030  .00000127  00000-0  00000+0 0  9994
2 23124   3.6160  67.9365 0001555 217.0479 143.1422  1.00271861 93546
OPTUS B3                
1 23227U 94055A   16047.37871140 -.00000104  00000-0  00000+0 0  9993
2 23227   6.6151  53.9203 0005400 261.3279 131.0476  1.00272152 78601
ASTRA 1D                
1 23331U 94070A   16048.41551833 -.00000309  00000-0  00000+0 0  9993
2 23331   6.7976  53.0378 0003577 268.6568 287.4037  1.00271242 78339
BRASILSAT B2            
1 23536U 95016A   16046.45763722 -.00000308  00000-0  00000+0 0  9994
2 23536   6.4169  54.8483 0002434 280.8599 270.7098  1.00271715 76463
AMSC 1                  
1 23553U 95019A   16048.00369510 -.00000134  00000-0  00000+0 0  9993
2 23553   9.4274  44.3910 0003521 281.8158  78.2245  1.00272432 76339
TDRS 7                  
1 23613U 95035B   16048.01365863 -.00000218  00000-0  00000+0 0  9999
2 23613  14.7181  20.4143 0022120  14.1553 201.6736  1.00272379 75311
ECHOSTAR 1              
1 23754U 95073A   16048.33017061 -.00000267  00000-0  00000+0 0  9990
2 23754   0.0342 281.7179 0002589  60.2982 206.4028  1.00272668 73619
INMARSAT 3-F1           
1 23839U 96020A   16048.14835112 -.00000017  00000-0  00000+0 0  9994
2 23839   3.0570  69.8200 0006612 258.1515 296.4726  1.00273903 72784
ASTRA 1F                
1 23842U 96021A   16048.21046150  .00000114  00000-0  00000+0 0  9990
2 23842   0.0952 294.9674 0003299  32.2664 299.4534  1.00275237 72499
MSAT M1                 
1 23846U 96022A   16048.03822273 -.00000105  00000-0  00000+0 0  9994
2 23846   6.9888  52.6458 0005776 279.9794  80.0723  1.00272138 72605
PALAPA C2               
1 23864U 96030A   16047.51043251 -.00000263  00000-0  00000+0 0  9991
2 23864   4.6798  62.1569 0001291 269.3497 144.2017  1.00269812 72345
INMARSAT 3-F2           
1 24307U 96053A   16048.34765856 -.00000150  00000-0  00000+0 0  9998
2 24307   1.6433  80.2091 0007013 239.5771 296.6216  1.00271592 71197
AMC-1 (GE-1)            
1 24315U 96054A   16045.95757476  .00000038  00000-0  00000-0 0  9996
2 24315   0.5608  87.6988 0002872 229.4914  42.7572  1.00270912  8470
AFRICASAT-2 (MEASAT-2)  
1 24653U 96063B   16048.13976610 -.00000249  00000-0  00000+0 0  9991
2 24653   6.7144  53.4845 0007939 176.7759 114.6019  1.00272580 70513
EUTELSAT 48A            
1 24665U 96067A   16048.09521509  .00000092  00000-0  00000+0 0  9991
2 24665   5.5308  58.4899 0005862 266.8599 263.6866  1.00275269 70843
INMARSAT 3-F3           
1 24674U 96070A   16048.31593843  .00000012  00000-0  00000+0 0  9992
2 24674   2.4780  74.1942 0005724 258.7029 105.6224  1.00271169 70132
AMC-2 (GE-2)            
1 24713U 97002A   16048.33007914 -.00000254  00000-0  00000+0 0  9992
2 24713   3.4261  68.5897 0004990 259.4251 216.6876  1.00271822 20492
INTELSAT 26 (IS-26)     
1 24732U 97007A   16046.99538373  .00000001  00000-0  00000+0 0  9995
2 24732   6.6818  53.7676 0002788 277.4449 234.7281  1.00272322 69433
GALAXY 25 (G-25)        
1 24812U 97026A   16047.85220962 -.00000187  00000-0  00000+0 0  9999
2 24812   0.0131  74.7324 0002971 255.4278  29.7884  1.00273068 68529
INMARSAT 3-F4           
1 24819U 97027A   16047.23065041 -.00000313  00000-0  00000+0 0  9995
2 24819   4.9074  60.4709 0004817 267.1625 206.7212  1.00275527 68514
ABS-3                   
1 24901U 97042A   16048.34817064 -.00000131  00000-0  00000+0 0  9995
2 24901   3.9903  66.2217 0007006 261.3027 289.8913  1.00354494 67698
INTELSAT 5 (IS-5)       
1 24916U 97046A   16048.36123879 -.00000166  00000-0  00000+0 0  9999
2 24916   2.5960  73.5872 0003519 256.6444 103.5727  1.00272246 67784
METEOSAT-7              
1 24932U 97049B   16046.55326498  .00000031  00000-0  00000-0 0  9992
2 24932  10.0329  41.8524 0001596 297.6551  62.3983  1.00274111 67569
AMC-3 (GE-3)            
1 24936U 97050A   16048.15982412 -.00000298  00000-0  10000-3 0  9990
2 24936   0.0522 286.9427 0002869 359.9106 210.2244  1.00270546 67611
NSS-5                   
1 24957U 97053A   16047.57948016  .00000085  00000-0  00000+0 0  9991
2 24957   2.8968  71.8415 0003698 253.2217  80.0171  1.00270111 67391
ECHOSTAR 3              
1 25004U 97059A   16047.99468967 -.00000307  00000-0  00000+0 0  9997
2 25004   1.1590  82.2668 0001808 275.8768  84.5216  1.00269697 67314
JCSAT-1B                
1 25067U 97075A   16048.38654867 -.00000230  00000-0  00000+0 0  9999
2 25067   4.6986  62.0102 0006222 237.2406 136.6688  1.00272892 66722
ASTRA 1G                
1 25071U 97076A   16047.61384145 -.00000026  00000-0  00000+0 0  9992
2 25071   1.3368  79.8159 0000231 235.2310 114.7490  1.00407262 66694
BRASILSAT B3            
1 25152U 98006A   16047.04905452 -.00000195  00000-0  00000+0 0  9990
2 25152   3.1020  71.0486 0002885 265.1636  95.0229  1.00272247 66083
INMARSAT 3-F5           
1 25153U 98006B   16047.97461477 -.00000312  00000-0  00000+0 0  9998
2 25153   1.6131  74.3786 0005262 259.9113 108.9545  1.00273957 66064
NSS-806                 
1 25239U 98014A   16048.41551833 -.00000304  00000-0  00000+0 0  9999
2 25239   0.0648 325.9273 0004417   1.8364 281.1336  1.00270040 65829
CHINASAT 5A (ZX 5A)     
1 25354U 98033A   16047.50735084 -.00000295  00000-0  00000+0 0  9998
2 25354   0.2311  89.7899 0003652 295.8635  84.3201  1.00271558 69408
THOR III                
1 25358U 98035A   16047.77898942 -.00000066  00000-0  00000+0 0  9992
2 25358   4.5768  62.1791 0002797 255.6881 104.4521  1.00272203 64870
INTELSAT 805 (IS-805)   
1 25371U 98037A   16048.11901664 -.00000021  00000-0  00000+0 0  9995
2 25371   0.0668 283.3247 0005209  70.7062  27.7417  0.99533980 64731
ASTRA 2A                
1 25462U 98050A   16048.20989397  .00000124  00000-0  00000+0 0  9993
2 25462   0.0954 256.4828 0000468 219.7384 133.9040  1.00270688 63906
INTELSAT 7 (IS-7)       
1 25473U 98052A   16047.85794755 -.00000169  00000-0  00000+0 0  9999
2 25473   2.1980  76.6322 0003115 203.9569 156.3011  1.00271205 63816
AFRISTAR                
1 25515U 98063A   16047.26431075  .00000101  00000-0  00000+0 0  9991
2 25515   2.3586  70.8833 0004424 256.7117 294.2018  1.00271120 63285
INTELSAT 8 (IS-8)       
1 25522U 98065A   16047.68744315 -.00000055  00000-0  00000+0 0  9990
2 25522   0.0197  77.3181 0003639 274.4375 210.8047  1.00271570 63289
EUTELSAT 115 WEST A     
1 25558U 98070A   16047.06456330 -.00000193  00000-0  00000+0 0  9997
2 25558   2.1905  76.3083 0004216 293.6092  66.6199  1.00272649 63204
JCSAT-4A                
1 25630U 99006A   16048.01396756 -.00000181  00000-0  00000+0 0  9996
2 25630   1.3025  82.4961 0002079 229.5684 281.3128  1.00272885 62166
SKYNET 4E               
1 25639U 99009B   16047.27438137  .00000004  00000-0  00000+0 0  9998
2 25639   9.6492  32.5311 0002992 291.6403 286.2529  1.00273801 62171
ASIASAT 3S              
1 25657U 99013A   16047.54189781 -.00000223  00000-0  00000+0 0  9995
2 25657   1.5217  80.6035 0004118 216.7331 194.1633  1.00269711 61980
NIMIQ 1                 
1 25740U 99027A   16047.36741873 -.00000222  00000-0  00000+0 0  9998
2 25740   0.0670 277.8263 0006031  54.3025 219.3948  1.00272166 61364
ASTRA 1H                
1 25785U 99033A   16048.41551833 -.00000307  00000-0  00000+0 0  9990
2 25785   2.8828  72.0282 0002718 253.5026 283.1542  1.00270013 60958
TELKOM 1                
1 25880U 99042A   16047.77637218 -.00000369  00000-0  00000+0 0  9994
2 25880   0.0550 263.0801 0001388  84.8626 185.7455  1.00270143 60525
ABS-7                   
1 25894U 99046A   16046.84177352 -.00000385  00000-0  00000+0 0  9996
2 25894   0.0094 143.6642 0002270 170.2640 250.4586  1.00269809 59313
GALAXY 27 (G-27)        
1 25922U 99052A   16047.62095992 -.00000030  00000-0  00000+0 0  9998
2 25922   2.2622  75.5518 0004928 256.0914 104.1241  1.00272446 60057
ABS-6                   
1 25924U 99053A   16048.15111596 -.00000145  00000-0  00000+0 0  9996
2 25924   0.0041 115.3835 0002573 221.6594  22.9456  1.00272080 60049
TELSTAR 12 (ORION 2)    
1 25949U 99059A   16048.11732096 -.00000144  00000-0  00000+0 0  9998
2 25949   0.0116  72.3969 0003023 263.9094 197.4312  1.00271912 59695
AMC-4 (GE-4)            
1 25954U 99060A   16048.48482380 -.00000298  00000-0  10000-3 0  9999
2 25954   0.0132  76.0808 0000850 291.5280 246.7753  1.00269700 59656
GALAXY 11 (G-11)        
1 26038U 99071A   16048.03248634  .00000040  00000-0  00000+0 0  9997
2 26038   0.0335  87.1309 0007411 265.4310 169.5767  1.00505607 59272
HISPASAT 1C             
1 26071U 00007A   16047.41823689 -.00000236  00000-0  00000+0 0  9993
2 26071   0.0335 357.8890 0002713 336.1745 238.4801  1.00271537 58792
SUPERBIRD-B2            
1 26095U 00012A   16047.63823174 -.00000117  00000-0  00000+0 0  9996
2 26095   0.0519 259.8621 0001956  69.2266 208.7186  1.00272118 58595
ASIASTAR                
1 26107U 00016A   16047.77903593 -.00000356  00000-0  00000+0 0  9998
2 26107   0.6801  80.9044 0004475 247.4304 203.2892  1.00268991 58311
EUTELSAT 16C            
1 26243U 00019A   16048.28519144  .00000067  00000-0  00000+0 0  9992
2 26243   3.3469  68.8995 0002986 269.2135 285.7229  1.00274034 57954
EUTELSAT 36A            
1 26369U 00028A   16048.02185440  .00000130  00000-0  00000+0 0  9992
2 26369   0.0675  10.1156 0003747 343.3155 196.7513  1.00272002 57643
TDRS 8                  
1 26388U 00034A   16047.51538612 -.00000249  00000-0  00000+0 0  9998
2 26388   6.6519  60.2847 0005770 223.9355 136.1380  1.00279189 57338
ECHOSTAR 6              
1 26402U 00038A   16047.60340709 -.00000171  00000-0  00000+0 0  9991
2 26402   3.2577  69.7547 0003627 262.3970 294.8780  1.00272331 57071
INTELSAT 9 (IS-9)       
1 26451U 00043A   16048.19653734 -.00000296  00000-0  00000+0 0  9999
2 26451   2.5818  73.8229 0003008 245.3917 215.0158  1.00270857 57012
BRASILSAT B4            
1 26469U 00046A   16046.82979609 -.00000234  00000-0  00000+0 0  9993
2 26469   0.6593  88.5682 0002705 235.7257  35.6562  1.00273516 56793
NILESAT 102             
1 26470U 00046B   16048.34332310 -.00000084  00000-0  00000+0 0  9999
2 26470   0.6771  85.2999 0005973 235.8201 302.2190  1.00272175 56800
ASTRA 2B                
1 26494U 00054A   16048.13018402  .00000128  00000-0  00000+0 0  9992
2 26494   1.2227  80.2408 0003761 250.6932 253.8005  1.00271318 56408
AMC-7 (GE-7)            
1 26495U 00054B   16047.96839341  .00000063  00000-0  00000+0 0  9994
2 26495   0.0532 281.9749 0001327  97.0357 340.9597  1.00272631 56428
NSS-11 (AAP-1)          
1 26554U 00059A   16047.77505994 -.00000369  00000-0  00000+0 0  9998
2 26554   0.0594 286.1367 0001623  54.9244 192.3182  1.00270628 56367
N-SAT-110 (JCSAT-110)   
1 26559U 00060A   16048.00811073 -.00000376  00000-0  00000+0 0  9998
2 26559   0.0200 112.6228 0000117 210.2051 296.5969  1.00269574 56295
AMC-6 (GE-6)            
1 26580U 00067A   16048.12077721 -.00000284  00000-0  00000+0 0  9994
2 26580   0.0502 287.5858 0002749  36.3985 154.0105  1.00271013 56157
INTELSAT 12 (IS-12)     
1 26590U 00068A   16048.21046150  .00000111  00000-0  00000+0 0  9996
2 26590   0.0598 266.4500 0003171  68.9958 291.9153  1.00273419 55968
INTELSAT 1R (IS-1R)     
1 26608U 00072A   16047.34479064 -.00000306  00000-0  00000+0 0  9995
2 26608   0.0489 274.5213 0001660 336.9940 328.3780  1.00270779 55819
ANIK F1                 
1 26624U 00076A   16046.89442662 -.00000097  00000-0  00000+0 0  9997
2 26624   0.0183 150.8370 0000728 181.1414  27.9851  1.00271502 55881
ASTRA 2D                
1 26638U 00081A   16046.63977228  .00000044  00000-0  00000+0 0  9992
2 26638   2.7103  72.3991 0001777 249.8395 110.3866  1.00274969 55545
AMC-8 (GE-8)            
1 26639U 00081B   16048.09445292  .00000079  00000-0  00000+0 0  9994
2 26639   0.0334 283.4622 0002859  55.3498  62.6902  1.00273961 55445
TURKSAT 2A              
1 26666U 01002A   16048.05466385  .00000121  00000-0  00000+0 0  9998
2 26666   0.1650  74.7646 0004748 266.3314 226.9655  1.00273203 55320
SKYNET 4F               
1 26695U 01005B   16047.33616894 -.00000268  00000-0  00000+0 0  9998
2 26695   8.2986  40.2681 0003591 275.4845 277.0265  1.00271393 55035
EUTELSAT 33C            
1 26719U 01011A   16048.15774928  .00000130  00000-0  00000+0 0  9993
2 26719   0.0684 357.4918 0005284 327.3320 271.5846  1.00271064 54745
XM-1 (ROLL)             
1 26761U 01018A   16047.40631919 -.00000281  00000-0  00000+0 0  9994
2 26761   0.0627  88.7495 0000499 324.7995 199.4457  1.00264374 54185
INTELSAT 10 (IS-10)     
1 26766U 01019A   16048.14401343  .00000101  00000-0  00000+0 0  9998
2 26766   0.5102  87.2942 0002522 237.1106 281.4790  1.00272708 54096
INTELSAT 901 (IS-901)   
1 26824U 01024A   16047.85354093 -.00000166  00000-0  00000+0 0  9997
2 26824   0.0235  57.1405 0002876 249.9690 128.4014  1.00273178 53768
ASTRA 2C                
1 26853U 01025A   16048.08240315  .00000022  00000-0  00000+0 0  9997
2 26853   0.0543 303.3444 0003446  19.8063 273.2731  1.00272842 53743
ARTEMIS                 
1 26863U 01029A   16047.13950603  .00000088  00000-0  00000+0 0  9997
2 26863  12.1699  38.2953 0004889 287.4929 251.3680  1.00272688 54553
INTELSAT 902 (IS-902)   
1 26900U 01039A   16046.06102682  .00000011  00000-0  00000+0 0  9993
2 26900   0.0099  95.9599 0003228 238.0627 254.4339  1.00273667 52915
EUTELSAT 8 WEST A       
1 26927U 01042A   16047.33570213 -.00000125  00000-0  00000+0 0  9993
2 26927   0.0819 320.0957 0006217   2.4271 291.5686  1.00271182 52684
DIRECTV 4S              
1 26985U 01052A   16048.37016131 -.00000139  00000-0  00000+0 0  9992
2 26985   0.0232 236.4584 0002300  76.4550 225.9028  1.00272190 52167
INSAT-3C                
1 27298U 02002A   16047.06262407 -.00000100  00000-0  00000+0 0  9998
2 27298   0.0283 241.6078 0004229 102.2262 258.1817  1.00271932 51512
ECHOSTAR 7              
1 27378U 02006A   16047.42043425 -.00000024  00000-0  00000+0 0  9993
2 27378   0.0510 284.4686 0002160  76.3670 177.5174  1.00270868 51225
INTELSAT 904 (IS-904)   
1 27380U 02007A   16048.08240315  .00000024  00000-0  00000+0 0  9996
2 27380   0.0447 284.5685 0003299  42.2560 269.3008  1.00272768 51251
TDRS 9                  
1 27389U 02011A   16048.11626779 -.00000122  00000-0  00000+0 0  9996
2 27389   4.2526  86.0498 0021509 228.6016 221.9024  1.00271830 52602
JCSAT-2A                
1 27399U 02015A   16048.38396203 -.00000191  00000-0  00000+0 0  9992
2 27399   0.0326 259.1059 0001539  73.1950 106.6928  1.00271303 50797
ASTRA 3A                
1 27400U 02015B   16047.28492527  .00000045  00000-0  00000+0 0  9996
2 27400   2.8846  71.2003 0001557 227.9618 132.2592  1.00269783 50879
INTELSAT 903 (IS-903)   
1 27403U 02016A   16048.41772831 -.00000264  00000-0  00000+0 0  9999
2 27403   0.0174  84.8038 0003066 248.8623 289.0236  1.00270921 50815
NSS-7                   
1 27414U 02019A   16047.64973163 -.00000180  00000-0  00000+0 0  9996
2 27414   0.8910  85.8451 0002604 244.3686  29.7382  1.00272438 50726
DIRECTV 5 (TEMPO 1)     
1 27426U 02023A   16047.89935419 -.00000081  00000-0  00000+0 0  9993
2 27426   0.0107 106.1818 0003553 217.9516  35.8082  1.00271581 50470
INTELSAT 905 (IS-905)   
1 27438U 02027A   16048.29235800 -.00000210  00000-0  00000+0 0  9996
2 27438   0.0432 267.8894 0002703  51.6399 267.9056  1.00272089 50137
EXPRESS-A4              
1 27441U 02029A   16048.02559083 -.00000134  00000-0  00000+0 0  9990
2 27441   5.2234  59.8254 0002505  75.3064  87.3563  1.00701570 50138
GALAXY 3C (G-3C)        
1 27445U 02030A   16047.85769017 -.00000175  00000-0  00000+0 0  9991
2 27445   0.0142  77.3873 0001981 276.8164   5.7596  1.00270366 50124
EUTELSAT 5 WEST A       
1 27460U 02035A   16046.61088222 -.00000065  00000-0  00000+0 0  9996
2 27460   0.0487 334.7242 0005831 344.1199  41.0798  1.00270680 49908
N-STAR C                
1 27461U 02035B   16047.70455149 -.00000333  00000-0  00000+0 0  9992
2 27461   3.7201  67.7174 0003122 286.5170 181.5129  1.00274158 49833
EUTELSAT 33D            
1 27499U 02038A   16047.50272730  .00000131  00000-0  00000+0 0  9992
2 27499   0.0626 314.5011 0003428  83.3297 322.1594  1.00267833 49381
ECHOSTAR 8              
1 27501U 02039A   16047.34087407 -.00000266  00000-0  00000+0 0  9994
2 27501   0.0780  92.5575 0003072 228.1827 230.8215  1.00271770 49433
EUTELSAT 12 WEST A      
1 27508U 02040A   16047.69430315 -.00000270  00000-0  00000+0 0  9996
2 27508   0.0698   9.4766 0002084  47.0382 303.4711  1.00268876 49412
METEOSAT-8 (MSG-1)      
1 27509U 02040B   16047.27310814 -.00000005  00000-0  00000+0 0  9998
2 27509   3.9855  60.2137 0001717 233.5792 313.7433  1.00271283 49406
INTELSAT 906 (IS-906)   
1 27513U 02041A   16047.57931772 -.00000009  00000-0  00000+0 0  9993
2 27513   0.0334 265.2800 0003237  68.0504  85.3475  1.00271993 49132
KODAMA (DRTS)           
1 27516U 02042B   16048.02234492 -.00000262  00000-0  00000+0 0  9994
2 27516   4.1544  64.9880 0002842 280.0450 260.1718  1.00266113 49212
KALPANA-1 (METSAT 1)    
1 27525U 02043A   16047.55224517 -.00000105  00000-0  00000+0 0  9995
2 27525   5.5200  58.6048 0014934 224.5030 135.5215  1.00271945 49209
HISPASAT 1D             
1 27528U 02044A   16048.17888273 -.00000242  00000-0  00000+0 0  9995
2 27528   0.0613 293.1183 0006054  32.3699 215.4764  1.00272190 49116
TDRS 10                 
1 27566U 02055A   16047.24866647  .00000057  00000-0  00000+0 0  9990
2 27566   4.1790  60.6326 0011088 223.9486 136.1503  1.00274643 48383
NSS-6                   
1 27603U 02057A   16047.84058980 -.00000294  00000-0  00000+0 0  9997
2 27603   0.0156 112.0217 0002862 193.9068 237.9154  1.00272429 48280
NIMIQ 2                 
1 27632U 02062A   16047.47066167  .00000113  00000-0  00000+0 0  9999
2 27632   0.9888  84.8664 0004447 310.7645 324.3658  1.00278565 48047
INTELSAT 907 (IS-907)   
1 27683U 03007A   16046.67323608 -.00000225  00000-0  00000+0 0  9997
2 27683   0.0108  99.9588 0003207 224.8543  35.1336  1.00271420 47543
INSAT-3A                
1 27714U 03013A   16046.88457147 -.00000281  00000-0  00000-0 0  9991
2 27714   0.0757 267.3052 0002825 135.0940 154.8481  1.00273053 47054
GALAXY 12 (G-12)        
1 27715U 03013B   16048.45714986  .00000033  00000-0  00000+0 0  9997
2 27715   0.0456 255.8580 0001937  59.5175 227.0298  1.00271097 47170
ASIASAT 4               
1 27718U 03014A   16047.32560218 -.00000384  00000-0  00000+0 0  9993
2 27718   0.0140 126.4750 0001870 132.4168 126.1364  1.00267290 47087
HELLAS-SAT 2            
1 27811U 03020A   16047.19922963  .00000129  00000-0  00000+0 0  9994
2 27811   0.0189 242.1537 0003959  87.8458 286.3155  1.00270700 46499
AMC-9 (GE-12)           
1 27820U 03024A   16048.22516867 -.00000241  00000-0  00000+0 0  9991
2 27820   0.0610 284.8451 0002916  39.2619 180.5695  1.00271371 46509
THURAYA-2               
1 27825U 03026A   16047.13298749  .00000109  00000-0  00000+0 0  9995
2 27825   4.4841  27.0477 0005090 290.5875 279.8179  1.00273697 46507
OPTUS C1                
1 27831U 03028B   16047.64250105 -.00000172  00000-0  00000+0 0  9995
2 27831   0.0270 196.8426 0002474 116.0074 220.4917  1.00271361 46482
ECHOSTAR 12 (RAINBOW 1) 
1 27852U 03033A   16048.15071831 -.00000307  00000-0  00000+0 0  9998
2 27852   0.0560 287.0366 0001834  11.8019 200.5812  1.00274136 46153
GALAXY 23 (G-23)        
1 27854U 03034A   16047.66957414 -.00000011  00000-0  00000+0 0  9998
2 27854   0.0205  95.2485 0003255 242.3402 288.5316  1.00272042 45785
EUTELSAT 33A            
1 27948U 03043A   16048.13017640  .00000128  00000-0  00000+0 0  9991
2 27948   1.3999  80.2187 0001840 193.6817 310.3267  1.00274387 45493
GALAXY 13 (HORIZONS-1)  
1 27954U 03044A   16048.22582069  .00000023  00000-0  00000+0 0  9995
2 27954   0.0125 111.5345 0001697 158.4155 190.9471  1.00272925 45333
YAMAL 202               
1 28089U 03053A   16048.09521509  .00000094  00000-0  00000+0 0  9990
2 28089   0.0225  95.0958 0001890 205.2653 289.3887  1.00278630 44847
AMOS-2                  
1 28132U 03059A   16047.27271981 -.00000059  00000-0  00000+0 0  9992
2 28132   0.0938 249.5872 0004340  79.5247 270.7087  1.00271334 44549
EXPRESS-AM22 (SESAT 2)  
1 28134U 03060A   16048.52521228 -.00000162  00000-0  00000+0 0  9992
2 28134   0.0548  95.9308 0000868 278.3658  41.8015  1.00270139 44451
AMC-10 (GE-10)          
1 28154U 04003A   16048.23142197  .00000063  00000-0  00000+0 0  9993
2 28154   0.0164  50.4808 0002647 249.4157 155.0247  1.00272055 44104
ABS-4 (MOBISAT-1)       
1 28184U 04007A   16048.08240315  .00000016  00000-0  00000+0 0  9992
2 28184   0.0069  48.2988 0001608 277.7590 271.0644  1.00272149 43749
EUTELSAT 7A             
1 28187U 04008A   16046.18977225  .00000026  00000-0  00000+0 0  9993
2 28187   0.0665 356.5834 0003665 315.9936 267.3454  1.00272656 43721
DIRECTV 7S              
1 28238U 04016A   16047.37048015 -.00000023  00000-0  00000+0 0  9995
2 28238   0.0437 295.3773 0003312  34.6657 190.0270  1.00271634 43229
AMC-11 (GE-11)          
1 28252U 04017A   16047.62031091  .00000045  00000-0  00000+0 0  9999
2 28252   0.0216 356.5803 0002649 353.9009 247.8558  1.00271843 42865
INTELSAT 10-02          
1 28358U 04022A   16048.15739492 -.00000037  00000-0  00000+0 0  9993
2 28358   0.0153 131.0942 0000723 151.7756 279.3515  1.00271493 42792
APSTAR 5 (TELSTAR 18)   
1 28364U 04024A   16047.50882315 -.00000318  00000-0  00000+0 0  9995
2 28364   0.0584 271.1767 0002730  58.6378 137.2705  1.00272071 42711
ANIK F2                 
1 28378U 04027A   16047.36557023 -.00000074  00000-0  00000+0 0  9991
2 28378   0.0232  21.9966 0000396 298.0083 206.2838  1.00276153 42514
AMAZONAS 1              
1 28393U 04031A   16047.47451384 -.00000310  00000-0  00000+0 0  9991
2 28393   0.7475  86.1260 0002100 232.4186 302.7570  1.00272487 42283
AMC-15                  
1 28446U 04041A   16048.50413244 -.00000114  00000-0  00000+0 0  9991
2 28446   0.0534 287.8349 0002310  32.4819 263.0025  1.00271625 41559
AMC-16                  
1 28472U 04048A   16048.31175553 -.00000231  00000-0  00000+0 0  9994
2 28472   0.0545 292.2878 0002664  41.2986 200.3394  1.00271642 40980
NSS-10 (AMC-12)         
1 28526U 05003A   16048.23727066 -.00000276  00000-0  00000+0 0  9998
2 28526   0.0581 290.6201 0002884  31.3359 232.6336  1.00268993 40484
XTAR-EUR                
1 28542U 05005A   16046.51675661  .00000129  00000-0  00000+0 0  9996
2 28542   0.0592 271.8650 0002459  53.1028  34.9841  1.00271788 40330
XM-3 (RHYTHM)           
1 28626U 05008A   16048.31175514 -.00000230  00000-0  00000+0 0  9998
2 28626   0.0217  96.9582 0000403 339.8396  97.0335  1.00261872 40236
INMARSAT 4-F1           
1 28628U 05009A   16047.21221134 -.00000283  00000-0  00000+0 0  9997
2 28628   2.8075   5.2159 0002906 328.9996  31.2983  1.00271412 39843
EXPRESS-AM2             
1 28629U 05010A   16046.88728339 -.00000160  00000-0  00000-0 0  9996
2 28629   1.3474  81.3091 0000565 273.1210 190.3084  1.00270829  3144
APSTAR 6                
1 28638U 05012A   16047.94757993 -.00000343  00000-0  00000+0 0  9996
2 28638   0.0185  93.3991 0002009 227.1025 300.9649  1.00271982 64570
SPACEWAY 1              
1 28644U 05015A   16047.15587596 -.00000126  00000-0  00000+0 0  9998
2 28644   0.0387 280.6174 0000147 325.6443 212.4809  1.00272066 39676
DIRECTV 8               
1 28659U 05019A   16047.87372343 -.00000140  00000-0  00000+0 0  9995
2 28659   0.0074  88.3594 0003470 239.0717  32.5474  1.00269736 39352
GALAXY 28 (G-28)        
1 28702U 05022A   16048.51194061 -.00000211  00000-0  00000+0 0  9998
2 28702   0.0271 111.8699 0000198 293.8694 196.4422  1.00269437 38994
EXPRESS-AM3             
1 28707U 05023A   16048.02305448 -.00000346  00000-0  00000+0 0  9992
2 28707   0.0159 170.6965 0001191 176.4964 270.4941  1.00269454 39015
THAICOM 4               
1 28786U 05028A   16047.87956860 -.00000387  00000-0  00000+0 0  9991
2 28786   0.0190 113.6011 0001895 205.3589 263.4469  1.00268150 38504
GALAXY 14 (G-14)        
1 28790U 05030A   16047.51449328  .00000013  00000-0  00000+0 0  9991
2 28790   0.0542 288.5482 0002541  35.6938 241.8815  1.00272910 38464
ANIK F1R                
1 28868U 05036A   16047.65208095 -.00000098  00000-0  00000+0 0  9996
2 28868   0.0135  66.7865 0002827 287.6109 279.0804  1.00271416 38310
GALAXY 15 (G-15)        
1 28884U 05041A   16046.39998086  .00000057  00000-0  00000+0 0  9990
2 28884   0.0509 280.4734 0001882  59.6173 175.7252  1.00274215 37779
SYRACUSE 3A             
1 28885U 05041B   16048.14401343  .00000104  00000-0  00000+0 0  9994
2 28885   0.0183  89.5470 0003711 243.5697 272.2480  1.00271364 37892
INMARSAT 4-F2           
1 28899U 05044A   16047.43288564 -.00000011  00000-0  00000+0 0  9999
2 28899   2.4808   5.2243 0002701 329.3150  31.0371  1.00271679 37669
TELKOM 2                
1 28902U 05046A   16048.50813269 -.00000388  00000-0  00000+0 0  9998
2 28902   0.0496 265.9092 0001665  73.0067 108.8699  1.00267960 37413
SPACEWAY 2              
1 28903U 05046B   16048.11720810 -.00000152  00000-0  00000+0 0  9994
2 28903   0.0016 145.9861 0000155 104.0571 199.5742  1.00272809 37662
INSAT-4A                
1 28911U 05049A   16047.36428461 -.00000189  00000-0  00000+0 0  9999
2 28911   0.0505 270.6070 0007372  28.0436  61.2417  1.00274458 37256
METEOSAT-9 (MSG-2)      
1 28912U 05049B   16047.26691741  .00000038  00000-0  00000+0 0  9994
2 28912   1.2689  66.2026 0003230 252.0932 292.7392  1.00273403 37232
EUTELSAT 172A (GE-23)   
1 28924U 05052A   16047.81022435 -.00000031  00000-0  00000+0 0  9994
2 28924   0.0669  13.3990 0006250 310.4943 285.9714  1.00271514 37142
ECHOSTAR 10             
1 28935U 06003A   16048.32927111 -.00000081  00000-0  00000+0 0  9990
2 28935   0.0589 287.9475 0001952  60.3977 166.6856  1.00271900 36683
HIMAWARI-7 (MTSAT-2)    
1 28937U 06004A   16047.81998870 -.00000268  00000-0  00000+0 0  9993
2 28937   0.0356  98.6984 0003761 230.4944 257.2098  1.00270554 36514
SPAINSAT                
1 28945U 06007A   16047.67733659 -.00000241  00000-0  00000+0 0  9992
2 28945   0.0561 258.7112 0003830  28.6879  72.5248  1.00272366 36398
EUTELSAT 9A             
1 28946U 06007B   16047.56932804  .00000037  00000-0  00000+0 0  9996
2 28946   0.0624  77.9206 0005354 235.4039  46.5970  1.00271308 36470
JCSAT-5A                
1 29045U 06010A   16047.70705595 -.00000352  00000-0  00000+0 0  9993
2 29045   0.0422 282.4538 0001765  70.7454 179.4866  1.00271987 36104
ASTRA 1KR               
1 29055U 06012A   16047.64578683  .00000095  00000-0  00000+0 0  9998
2 29055   0.0884 298.1008 0005166  11.2655  88.3326  1.00270759 35907
GOES 13                 
1 29155U 06018A   16046.80460364 -.00000272  00000-0  00000+0 0  9996
2 29155   0.3302  95.6634 0002757 300.0495 324.2734  1.00264181 35676
EUTELSAT 113 WEST A     
1 29162U 06020A   16046.91012015 -.00000060  00000-0  00000+0 0  9990
2 29162   0.0170  94.2569 0002921 237.6692  28.0255  1.00272214 35621
THAICOM 5               
1 29163U 06020B   16048.01350782 -.00000145  00000-0  00000+0 0  9994
2 29163   0.0495 282.1759 0007081  27.7816 279.8122  1.00267506 35693
GALAXY 16 (G-16)        
1 29236U 06023A   16048.43698560 -.00000152  00000-0  00000+0 0  9991
2 29236   0.0609 259.0676 0002464  52.8522 253.2074  1.00271679 35435
EUTELSAT HOT BIRD 13B   
1 29270U 06032A   16045.83268139  .00000066  00000-0  00000-0 0  9999
2 29270   0.0647 358.9805 0005357 336.1275 121.8881  1.00272432  9485
JCSAT-3A                
1 29272U 06033A   16047.95262209 -.00000370  00000-0  00000+0 0  9997
2 29272   0.0432 282.5381 0002269  22.5449 312.2042  1.00271173 34921
SYRACUSE 3B             
1 29273U 06033B   16047.10310650 -.00000067  00000-0  00000+0 0  9992
2 29273   0.0247  97.1277 0005810 214.4660 225.8196  1.00272116 34907
KOREASAT 5 (MUGUNGWHA 5)
1 29349U 06034A   16047.94829949 -.00000383  00000-0  00000+0 0  9996
2 29349   0.0107  98.5267 0000720 210.1303 292.1232  1.00270940 34802
ZHONGXING-22A           
1 29398U 06038A   16047.55769434 -.00000340  00000-0  00000+0 0  9996
2 29398   4.9367  60.9243 0004488 219.7901 167.4850  1.00268367 34572
DIRECTV 9S              
1 29494U 06043A   16048.37016131 -.00000139  00000-0  00000+0 0  9995
2 29494   0.0183 207.2388 0003588 116.6994 214.9704  1.00272127 34277
OPTUS D1                
1 29495U 06043B   16047.63974991 -.00000135  00000-0  00000+0 0  9997
2 29495   0.0395 298.2650 0003193  24.1290 213.9385  1.00271934 34302
XM-4 (BLUES)            
1 29520U 06049A   16047.54996939 -.00000048  00000-0  00000+0 0  9991
2 29520   0.0105 227.3448 0000611  90.0149 271.3219  1.00278572 34157
BADR-4                  
1 29526U 06051A   16048.21078627  .00000119  00000-0  00000+0 0  9998
2 29526   0.0548 316.8307 0006025   5.2485 286.3755  1.00271371 34058
FENGYUN 2D              
1 29640U 06053A   16047.94026458 -.00000386  00000-0  10000-3 0  9993
2 29640   3.5499  66.9360 0000771   5.1054 176.0831  1.00260714 33725
WILDBLUE-1              
1 29643U 06054A   16048.32924061 -.00000074  00000-0  00000+0 0  9996
2 29643   0.0382 254.6772 0001887  76.6665 182.7187  1.00272402 33718
AMC-18                  
1 29644U 06054B   16048.50413192 -.00000115  00000-0  00000+0 0  9991
2 29644   0.0094 274.4388 0003028  51.6207 257.3608  1.00271397 33726
MEASAT-3                
1 29648U 06056A   16048.01381200 -.00000267  00000-0  00000+0 0  9995
2 29648   0.0280 154.9760 0000676 159.0274 288.8637  1.00273206 33728
KIKU-8 (ETS-VIII)       
1 29656U 06059A   16047.36329711 -.00000265  00000-0  00000+0 0  9991
2 29656   4.6807  62.1757 0005880 278.1703  81.9284  1.00272077 33602
INSAT-4B                
1 30793U 07007A   16047.89407105 -.00000283  00000-0  00000+0 0  9991
2 30793   0.1440  91.0630 0007842 204.9244 265.6696  1.00272028 32746
SKYNET 5A               
1 30794U 07007B   16046.93487178 -.00000294  00000-0  00000-0 0  9997
2 30794   0.0679   2.7202 0003341 325.1143 249.2373  1.00272903 32863
ANIK F3                 
1 31102U 07009A   16047.42043425 -.00000025  00000-0  00000+0 0  9992
2 31102   0.0145 103.4130 0001910 228.5408 206.5015  1.00271734 32493
ASTRA 1L                
1 31306U 07016A   16048.15757634  .00000094  00000-0  00000+0 0  9996
2 31306   0.0746 279.6287 0004157   2.1146 300.6923  1.00270785 32204
GALAXY 17 (G-17)        
1 31307U 07016B   16047.53830546 -.00000198  00000-0  00000+0 0  9998
2 31307   0.0255  23.3280 0003739 307.4986 277.8935  1.00271172 32237
ZHONGXING-6B            
1 31800U 07031A   16046.83947744 -.00000384  00000-0  00000+0 0  9991
2 31800   0.0110 103.8592 0003364 206.2752 252.8469  1.00269862 31626
DIRECTV 10              
1 31862U 07032A   16047.36009678 -.00000126  00000-0  00000+0 0  9998
2 31862   0.0463 288.8305 0000427 108.3398 135.3590  1.00271817 31562
SPACEWAY 3              
1 32018U 07036A   16048.30173091 -.00000177  00000-0  00000+0 0  9998
2 32018   0.0013  48.6040 0000392 262.3628 209.3927  1.00271525 31295
BSAT-3A                 
1 32019U 07036B   16047.28994689 -.00000374  00000-0  00000+0 0  9998
2 32019   0.0713 251.1016 0003238  23.0815  85.7465  1.00271690 31228
INSAT-4CR               
1 32050U 07037A   16047.06262407 -.00000100  00000-0  00000+0 0  9993
2 32050   0.1079 270.2429 0008212  14.8708 316.8972  1.00271740 31008
OPTUS D2                
1 32252U 07044A   16048.38441657 -.00000209  00000-0  00000+0 0  9997
2 32252   0.0275 304.3588 0003042  26.1216 106.7001  1.00271986 30617
INTELSAT 11 (IS-11)     
1 32253U 07044B   16047.44331862 -.00000293  00000-0  00000+0 0  9993
2 32253   0.0593 265.6990 0002925  57.8896 298.8504  1.00271445 30689
STAR ONE C1             
1 32293U 07056A   16046.77712426 -.00000299  00000-0  00000+0 0  9990
2 32293   0.0165 108.2760 0002884 226.4114  25.2661  1.00271754 30269
SKYNET 5B               
1 32294U 07056B   16048.21078627  .00000116  00000-0  00000+0 0  9997
2 32294   0.0665 357.4901 0003911 331.5016 278.5442  1.00272093 30370
ASTRA 4A (SIRIUS 4)     
1 32299U 07057A   16047.27326047  .00000009  00000-0  00000+0 0  9991
2 32299   0.0623 285.1070 0002996  22.7669 300.9774  1.00272676 30115
HORIZONS-2              
1 32388U 07063B   16046.80532853 -.00000205  00000-0  00000+0 0  9998
2 32388   0.0162  83.9426 0002960 232.4795 203.5583  1.00271643 30032
THURAYA-3               
1 32404U 08001A   16046.87578984 -.00000319  00000-0  00000+0 0  9998
2 32404   4.2701 349.1345 0005082 331.0869 238.9778  1.00271024 29689
EXPRESS-AM33            
1 32478U 08003A   16046.93817036 -.00000303  00000-0  00000-0 0  9996
2 32478   0.0400 276.4079 0000731 144.4387 158.7210  1.00270246 29778
THOR 5                  
1 32487U 08006A   16047.14722541 -.00000033  00000-0  00000+0 0  9998
2 32487   0.0580 266.2591 0002575  57.8703 233.6764  1.00273017 29338
KIZUNA (WINDS)          
1 32500U 08007A   16048.44059781 -.00000284  00000-0  00000+0 0  9996
2 32500   0.0893 268.9052 0002743  77.2720 102.2674  1.00271915 29206
AMC-14                  
1 32708U 08011A   16044.73656731  .00000089  00000-0  00000+0 0  9999
2 32708  18.2045  70.4965 0042570 350.3052   9.0081  1.00203077 30235
DIRECTV 11              
1 32729U 08013A   16048.11720918 -.00000151  00000-0  00000+0 0  9990
2 32729   0.0008 151.3583 0000296 114.8874 183.2623  1.00270821 29107
ICO G1                  
1 32763U 08016A   16048.32975137 -.00000190  00000-0  00000+0 0  9992
2 32763   4.0408 349.5404 0003433 345.1820 197.8417  1.00270716 28634
VINASAT-1               
1 32767U 08018A   16047.22890989 -.00000352  00000-0  00000+0 0  9997
2 32767   0.0448 290.0529 0001576  67.5648   2.3483  1.00269889 28761
STAR ONE C2             
1 32768U 08018B   16047.78827108 -.00000290  00000-0  00000+0 0  9993
2 32768   0.0288 167.8376 0001272 139.1592  52.9573  1.00270243 28714
TIANLIAN 1-01           
1 32779U 08019A   16048.09315549 -.00000163  00000-0  10000-3 0  9996
2 32779   1.8216  78.3813 0038283 221.3718 320.2713  1.00273196 28632
AMOS-3                  
1 32794U 08022A   16047.10310650 -.00000058  00000-0  00000+0 0  9994
2 32794   0.0644 270.6426 0002508  64.7649 203.2050  1.00271652 28601
GALAXY 18 (G-18)        
1 32951U 08024A   16046.93781578  .00000002  00000-0  00000+0 0  9990
2 32951   0.0161 100.6084 0002958 237.1501  22.1960  1.00273391 28244
CHINASAT 9 (ZX 9)       
1 33051U 08028A   16048.07886703 -.00000272  00000-0  00000+0 0  9999
2 33051   0.0058 130.1154 0004034 187.3154 309.6299  1.00271807 28174
SKYNET 5C               
1 33055U 08030A   16046.38609115 -.00000162  00000-0  00000+0 0  9996
2 33055   0.0637  13.3761 0003304 293.7436 318.8229  1.00270767 28046
TURKSAT 3A              
1 33056U 08030B   16046.92352714  .00000123  00000-0  00000-0 0  9994
2 33056   0.0399 142.2285 0003042 175.3202 202.2368  1.00273552 14512
INTELSAT 25 (IS-25)     
1 33153U 08034A   16048.17888273 -.00000249  00000-0  00000+0 0  9998
2 33153   0.0309 264.5920 0002547  54.0937 220.7889  1.00271481 27800
BADR-6                  
1 33154U 08034B   16048.21078627  .00000119  00000-0  00000+0 0  9993
2 33154   0.0557  27.5035 0004516 326.5569 254.4221  1.00274301 27927
ECHOSTAR 11             
1 33207U 08035A   16047.89905667 -.00000081  00000-0  00000+0 0  9998
2 33207   0.0486 283.7906 0003226  53.1196  23.0406  1.00272319 27827
SUPERBIRD-C2            
1 33274U 08038A   16047.52114164 -.00000276  00000-0  00000+0 0  9995
2 33274   0.0406 288.7342 0001959  23.3170 165.4120  1.00270090 27541
AMC-21                  
1 33275U 08038B   16047.51449282  .00000012  00000-0  00000+0 0  9994
2 33275   0.0389 292.5971 0002657  27.9124 245.7160  1.00272916 27622
INMARSAT 4-F3           
1 33278U 08039A   16047.57627920 -.00000159  00000-0  00000+0 0  9994
2 33278   2.9934 356.4183 0002690 333.0373 285.9950  1.00271283 27428
NIMIQ 4                 
1 33373U 08044A   16048.48155171 -.00000246  00000-0  00000+0 0  9998
2 33373   0.0244  95.8690 0002450 243.9955 258.3362  1.00270897 27008
GALAXY 19 (G-19)        
1 33376U 08045A   16046.61919826 -.00000162  00000-0  00000+0 0  9997
2 33376   0.0256  97.1942 0002952 233.8904 299.8653  1.00272293 26989
VENESAT-1               
1 33414U 08055A   16047.53800451 -.00000262  00000-0  00000+0 0  9997
2 33414   0.0071  48.6188 0001156 293.7519 279.2327  1.00270754 26713
ASTRA 1M                
1 33436U 08057A   16047.14898056  .00000096  00000-0  00000+0 0  9992
2 33436   0.0168  97.6334 0000079 148.5784 332.1538  1.00273283 26639
CIEL-2                  
1 33453U 08063A   16048.45715001  .00000032  00000-0  00000+0 0  9991
2 33453   0.0513 284.2625 0003119  31.7173 226.5729  1.00272642 26335
EUTELSAT HOT BIRD 13C   
1 33459U 08065A   16045.56391181  .00000066  00000-0  00000-0 0  9995
2 33459   0.0462  58.9894 0004202 300.9507   0.0297  1.00272335  9520
EUTELSAT 48D            
1 33460U 08065B   16048.09521509  .00000099  00000-0  00000+0 0  9992
2 33460   0.0785 304.8989 0002150 356.0053 287.9426  1.00273628 26273
FENGYUN 2E              
1 33463U 08066A   16047.06165926 -.00000226  00000-0  00000+0 0  9992
2 33463   1.2862  59.5633 0002591 211.4100 343.5334  1.00275060 26247
EXPRESS-AM44            
1 33595U 09007A   16048.23107399 -.00000114  00000-0  00000+0 0  9990
2 33595   0.0132 222.2134 0000372 186.2588 170.3365  1.00272028 25722
NSS-9                   
1 33749U 09008A   16046.80869213  .00000049  00000-0  00000-0 0  9990
2 33749   0.0399 297.4321 0002223  22.0660 299.9129  1.00271917 25671
EUTELSAT HOT BIRD 13D   
1 33750U 09008B   16045.83268139  .00000066  00000-0  00000-0 0  9993
2 33750   0.0450 297.0393 0004461 357.3593 162.6104  1.00272979 25602
TELSTAR 11N             
1 34111U 09009A   16048.23006102 -.00000276  00000-0  00000+0 0  9996
2 34111   0.0117 121.9820 0002871 190.5562 239.3386  1.00272760 25589
EUTELSAT 10A            
1 34710U 09016A   16048.12969616  .00000043  00000-0  00000+0 0  9996
2 34710   0.0663   7.5779 0005613 325.2023 230.4131  1.00271618 25130
SES-7 (PROTOSTAR 2)     
1 34941U 09027A   16047.77637218 -.00000369  00000-0  00000+0 0  9996
2 34941   0.0265 329.8068 0002779 311.2207 252.8835  1.00265361 24781
MEASAT-3A               
1 35362U 09032A   16045.34629027 -.00000261  00000-0  00000+0 0  9991
2 35362   0.0564 242.0004 0002161  33.4315  84.5138  1.00270863 24380
GOES 14                 
1 35491U 09033A   16046.88698718 -.00000114  00000-0  00000+0 0  9995
2 35491   0.0180 167.7094 0004104  69.4330 122.7857  1.00271753 24319
SIRIUS FM-5             
1 35493U 09034A   16048.48448478 -.00000171  00000-0  00000+0 0  9995
2 35493   0.0566 280.3751 0000299 273.2404  31.6651  1.00270929 24144
TERRESTAR-1             
1 35496U 09035A   16045.84196742 -.00000073  00000-0  00000+0 0  9991
2 35496   3.3064 336.1472 0002981 352.8525   7.3403  1.00272271 24309
ASIASAT 5               
1 35696U 09042A   16048.01631455 -.00000332  00000-0  00000+0 0  9996
2 35696   0.0110 127.1019 0002370 156.7212 328.9445  1.00272244 23833
JCSAT-RA (JCSAT-12)     
1 35755U 09044A   16046.24266868 -.00000367  00000-0  00000+0 0  9997
2 35755   0.0535  51.5211 0001287 232.8784  75.5551  1.00271005 23815
OPTUS D3                
1 35756U 09044B   16047.64250105 -.00000172  00000-0  00000+0 0  9994
2 35756   0.0532 316.6701 0004527  11.9855 204.6968  1.00271599 23799
PALAPA D                
1 35812U 09046A   16047.28150766 -.00000382  00000-0  00000+0 0  9994
2 35812   0.0152 102.6327 0002088 257.7305 359.6037  1.00272713 23839
NIMIQ 5                 
1 35873U 09050A   16048.48376830 -.00000283  00000-0  00000+0 0  9991
2 35873   0.0628 275.0731 0002127  40.7508 292.4794  1.00270928 23523
AMAZONAS 2              
1 35942U 09054A   16048.48467333 -.00000308  00000-0  00000+0 0  9999
2 35942   0.0249 173.6840 0001062 129.1142 317.5453  1.00272378 23360
COMSATBW-1              
1 35943U 09054B   16047.61384906  .00000001  00000-0  00000+0 0  9997
2 35943   0.0626  78.9457 0002584 247.7019 103.3089  1.00272076 23429
NSS-12                  
1 36032U 09058A   16047.43642892  .00000047  00000-0  00000+0 0  9992
2 36032   0.0675 283.8021 0002375  52.0760  24.0770  1.00272875 23103
THOR 6                  
1 36033U 09058B   16046.82601451 -.00000033  00000-0  00000+0 0  9997
2 36033   0.0165 171.3836 0001860 153.2504 117.1179  1.00272092 23110
INTELSAT 14 (IS-14)     
1 36097U 09064A   16045.72440160 -.00000294  00000-0  00000+0 0  9999
2 36097   0.0161  96.5732 0002401 227.3820  35.9983  1.00272219 22856
EUTELSAT 36B            
1 36101U 09065A   16048.02185440  .00000130  00000-0  00000+0 0  9997
2 36101   0.0710 335.3134 0004392 354.0682 220.7913  1.00270561 22975
INTELSAT 15 (IS-15)     
1 36106U 09067A   16047.83061631 -.00000209  00000-0  00000+0 0  9995
2 36106   0.0440 291.3297 0002542  41.2418 197.8096  1.00271157 22763
DIRECTV 12              
1 36131U 09075A   16047.36009678 -.00000127  00000-0  00000+0 0  9992
2 36131   0.0396 276.2996 0000461  13.6291 242.6542  1.00271299 22547
BEIDOU G1               
1 36287U 10001A   16048.44153007 -.00000308  00000-0  10000-3 0  9997
2 36287   1.5761   9.9788 0003853 216.4125 219.3475  1.00276010 22348
RADUGA-1M 2             
1 36358U 10002A   16047.83061631 -.00000208  00000-0  00000+0 0  9994
2 36358   0.0361 269.0174 0003096  92.4263 168.7848  1.00271902 22176
SDO                     
1 36395U 10005A   16048.32944644 -.00000098  00000-0  00000+0 0  9994
2 36395  28.3006 149.2311 0002335 182.4175 191.4641  1.00268038 22209
INTELSAT 16 (IS-16)     
1 36397U 10006A   16047.74987487 -.00000299  00000-0  00000+0 0  9997
2 36397   0.0051 246.6041 0001947  81.9746  19.3449  1.00354968 21891
GOES 15                 
1 36411U 10008A   16046.97194527  .00000066  00000-0  00000+0 0  9996
2 36411   0.0712 251.6190 0001942   6.0870 102.2395  1.00273006 21844
ECHOSTAR 14             
1 36499U 10010A   16047.42043425 -.00000024  00000-0  00000+0 0  9991
2 36499   0.0120 153.6467 0002906 168.4366 216.1875  1.00272688 21691
SES-1                   
1 36516U 10016A   16048.32953029 -.00000140  00000-0  00000+0 0  9996
2 36516   0.0113 307.0647 0002487  19.0359 198.2397  1.00271686 21309
ASTRA 3B                
1 36581U 10021A   16048.03613565  .00000112  00000-0  00000+0 0  9998
2 36581   0.0613  38.9252 0002926 299.0651 204.9289  1.00273165 20815
COMSATBW-2              
1 36582U 10021B   16048.28610689  .00000062  00000-0  00000+0 0  9994
2 36582   0.0411 274.9857 0002228  57.1975 290.6310  1.00270154 21152
BEIDOU G3               
1 36590U 10024A   16047.44770223 -.00000379  00000-0  00000+0 0  9996
2 36590   1.4792  30.0863 0003761 281.3829 106.0890  1.00274437 20945
BADR-5                  
1 36592U 10025A   16048.03521428  .00000119  00000-0  00000+0 0  9997
2 36592   0.0191 121.0186 0001694 175.7813 248.2775  1.00273582 21061
COMS 1                  
1 36744U 10032A   16047.37449623 -.00000368  00000-0  00000+0 0  9993
2 36744   0.0146 105.2767 0001387 233.7897  69.7265  1.00269853 20813
ARABSAT-5A              
1 36745U 10032B   16047.20483949  .00000130  00000-0  00000+0 0  9991
2 36745   0.0546 359.6208 0003144 329.6265 280.5816  1.00270691 20783
ECHOSTAR 15             
1 36792U 10034A   16048.48467333 -.00000308  00000-0  00000+0 0  9993
2 36792   0.0471 296.7955 0002041  42.1477 280.7562  1.00272253 20561
BEIDOU IGSO 1           
1 36828U 10036A   16047.52046804 -.00000124  00000-0  10000-3 0  9996
2 36828  54.2553 198.3128 0042662 213.1808  42.3500  1.00271475 20371
NILESAT 201             
1 36830U 10037A   16048.34332310 -.00000083  00000-0  00000+0 0  9990
2 36830   0.0532 196.2276 0004002 137.8160 289.2774  1.00272464 20453
RASCOM-QAF 1R           
1 36831U 10037B   16047.58627567 -.00000006  00000-0  00000+0 0  9992
2 36831   0.0207  91.5882 0004672 241.1664  27.1869  1.00272063 20453
CHINASAT 6A (ZX 6A)     
1 37150U 10042A   16047.94911616 -.00000379  00000-0  00000+0 0  9997
2 37150   0.0173 151.3191 0001665  28.5544  73.1609  1.00272753 20067
XM-5                    
1 37185U 10053A   16048.31175477 -.00000230  00000-0  00000+0 0  9992
2 37185   0.0034 226.5945 0000896  24.0460 283.0674  1.00270711 19611
BSAT-3B                 
1 37207U 10056B   16047.77456522 -.00000375  00000-0  00000+0 0  9992
2 37207   0.0903 299.5526 0005347  25.2567 210.0525  1.00270870 19445
BEIDOU G4               
1 37210U 10057A   16047.63974991 -.00000136  00000-0  00000+0 0  9992
2 37210   0.9140  48.7895 0006950 188.6864 298.9378  1.00271267 19441
SKYTERRA 1              
1 37218U 10061A   16046.78467022 -.00000136  00000-0  00000+0 0  9992
2 37218   3.8200 326.1907 0002291 175.8774 184.2705  1.00271773 19383
ZHONGXING-20A           
1 37234U 10064A   16048.45151892 -.00000363  00000-0  00000+0 0  9996
2 37234   0.0691 263.0377 0005478  73.7276 102.5966  1.00275190 19207
HYLAS 1                 
1 37237U 10065A   16048.05847860 -.00000259  00000-0  00000+0 0  9997
2 37237   0.0594 293.5885 0001875  20.4232 179.9898  1.00273440 19176
INTELSAT 17 (IS-17)     
1 37238U 10065B   16048.14820063 -.00000027  00000-0  00000+0 0  9997
2 37238   0.0397 257.7823 0003006  77.5840 290.5273  1.00272894 19087
BEIDOU IGSO 2           
1 37256U 10068A   16047.85712727 -.00000240  00000-0  10000-3 0  9996
2 37256  53.7238 316.9136 0040077 207.2569  50.6271  1.00277735 18968
EUTELSAT KA-SAT 9A      
1 37258U 10069A   16046.57225104  .00000040  00000-0  00000+0 0  9997
2 37258   0.0221 280.6742 0002826 161.1998 278.1261  1.00276012 18975
HISPASAT 1E             
1 37264U 10070A   16046.33332830 -.00000239  00000-0  00000+0 0  9996
2 37264   0.0305 121.4176 0001664 215.5131 257.7857  1.00269465 18811
KOREASAT 6              
1 37265U 10070B   16048.50781635 -.00000388  00000-0  00000+0 0  9994
2 37265   0.0180 113.8918 0002594 211.1111 120.7260  1.00268952 18867
ELEKTRO-L 1 (GOMS 2)    
1 37344U 11001A   16047.06576291 -.00000122  00000-0  00000+0 0  9993
2 37344   1.4632  79.8462 0004909 155.2413  10.1006  1.00273309 18628
BEIDOU IGSO 3           
1 37384U 11013A   16047.44860566 -.00000173  00000-0  10000-3 0  9994
2 37384  57.2292  78.0466 0027434 202.0857 145.8294  1.00298421 17838
INTELSAT NEW DAWN       
1 37392U 11016A   16046.88672328  .00000132  00000-0  00000+0 0  9999
2 37392   0.0579 260.2969 0002426 289.1451 307.8771  1.00265352 17673
YAHSAT 1A               
1 37393U 11016B   16048.15927407  .00000076  00000-0  00000+0 0  9990
2 37393   0.0159 150.9375 0002902 147.2122 318.2289  1.00269572 17737
TELSTAR 14R             
1 37602U 11021A   16048.48514750 -.00000306  00000-0  00000+0 0  9995
2 37602   0.0620 281.7550 0002866  26.8390 309.9066  1.00271306 17951
GSAT-8                  
1 37605U 11022A   16048.15067360  .00000060  00000-0  00000+0 0  9999
2 37605   0.0733 266.0425 0007579  15.4542 334.3606  1.00271368 17405
ST-2                    
1 37606U 11022B   16046.65187524 -.00000234  00000-0  00000+0 0  9992
2 37606   0.0182 104.4698 0001574 196.0621 167.2185  1.00271031 17406
CHINASAT 10 (ZX 10)     
1 37677U 11026A   16048.00811073 -.00000377  00000-0  00000+0 0  9996
2 37677   0.0164 230.1389 0004242  15.9120  13.7451  1.00267528 17133
TIANLIAN 1-02           
1 37737U 11032A   16047.80938182 -.00000041  00000-0  00000+0 0  9996
2 37737   1.6058  79.7695 0001432  15.2866 153.4239  1.00270937 16889
GSAT-12                 
1 37746U 11034A   16048.08636095 -.00000190  00000-0  00000+0 0  9992
2 37746   0.0937 267.3701 0003661 216.3203 136.9034  1.00272062 17135
SES-3                   
1 37748U 11035A   16047.36009678 -.00000124  00000-0  00000+0 0  9993
2 37748   0.0607 284.8819 0002430  31.4764 216.0395  1.00261312 16850
KAZSAT-2                
1 37749U 11035B   16047.06165926 -.00000221  00000-0  00000+0 0  9998
2 37749   0.0220 209.9452 0000817 183.1734 221.0633  1.00271496 16723
BEIDOU IGSO 4           
1 37763U 11038A   16047.79562372 -.00000063  00000-0  10000-3 0  9992
2 37763  54.5649 200.5927 0035260 199.8550 127.1745  1.00262855 16800
ASTRA 1N                
1 37775U 11041A   16046.94633595  .00000096  00000-0  00000-0 0  9992
2 37775   0.0594   0.6386 0003982   5.7692 138.8052  1.00273272  6707
BSAT-3C (JCSAT-110R)    
1 37776U 11041B   16047.44770223 -.00000375  00000-0  00000+0 0  9999
2 37776   0.0458 283.7731 0000309 101.6201  31.5898  1.00271009 16701
PAKSAT-1R               
1 37779U 11042A   16048.21317265  .00000128  00000-0  00000+0 0  9997
2 37779   0.0083 136.3612 0001981 175.0576 309.9055  1.00272155 16447
CHINASAT 1A (ZX 1A)     
1 37804U 11047A   16048.45151892 -.00000363  00000-0  00000+0 0  9991
2 37804   0.0436 260.4955 0003331  54.0470 124.6608  1.00274385 16259
COSMOS 2473             
1 37806U 11048A   16047.37303921 -.00000160  00000-0  00000+0 0  9991
2 37806   0.0460  83.1952 0002490 344.2820 292.5157  1.00279011 16236
SES-2                   
1 37809U 11049A   16048.17567779 -.00000221  00000-0  00000+0 0  9995
2 37809   0.0563 288.4257 0002520  23.1214 171.2509  1.00271338 16187
ARABSAT-5C              
1 37810U 11049B   16048.21216067  .00000098  00000-0  00000+0 0  9994
2 37810   0.0644 351.8049 0001965 325.6414 285.5657  1.00275393 16073
EUTELSAT 7 WEST A       
1 37816U 11051A   16047.61450603 -.00000085  00000-0  00000+0 0  9999
2 37816   0.0671  27.2614 0004116 268.6561  64.0062  1.00271439 16135
QUETZSAT 1              
1 37826U 11054A   16048.12565721 -.00000267  00000-0  00000+0 0  9990
2 37826   0.0549 286.6544 0002848  46.3200 141.7777  1.00271382 16261
INTELSAT 18 (IS-18)     
1 37834U 11056A   16047.75221677  .00000028  00000-0  00000+0 0  9992
2 37834   0.0152 109.6520 0002339 229.1369 258.1420  1.00273254 16011
EUTELSAT 16A            
1 37836U 11057A   16047.21493534  .00000080  00000-0  00000+0 0  9997
2 37836   0.0657   3.9728 0004364 322.9487 272.0755  1.00273778 15940
VIASAT-1                
1 37843U 11059A   16046.53144834 -.00000046  00000-0  00000-0 0  9991
2 37843   0.0121 106.5287 0002503 211.1101 263.5172  1.00272003  9490
ASIASAT 7               
1 37933U 11069A   16048.01471802 -.00000358  00000-0  00000+0 0  9990
2 37933   0.0600 277.2156 0001990   7.0007 332.9595  1.00268131 15639
BEIDOU IGSO 5           
1 37948U 11073A   16047.99581677 -.00000181  00000-0  10000-3 0  9998
2 37948  53.8163 316.3657 0036326 204.7182  78.6718  1.00282852 15566
LUCH 5A                 
1 37951U 11074B   16048.40843713 -.00000070  00000-0  00000+0 0  9994
2 37951   1.8714 222.3953 0003112 109.1217 129.4528  1.00275412 15359
NIGCOMSAT 1R            
1 38014U 11077A   16047.97388061  .00000120  00000-0  00000+0 0  9994
2 38014   0.0241 104.2405 0003045 168.8245 266.4044  1.00274739 15192
FENGYUN 2F              
1 38049U 12002A   16048.01037497 -.00000382  00000-0  00000+0 0  9992
2 38049   0.7428  73.0658 0001327 121.4158  67.5830  1.00276218 15058
SES-4                   
1 38087U 12007A   16047.28364911 -.00000192  00000-0  00000+0 0  9990
2 38087   0.0208  26.0206 0002418 271.3576 288.4220  1.00270919 14640
BEIDOU G5               
1 38091U 12008A   16048.01491740  .00000032  00000-0  00000+0 0  9991
2 38091   1.4571  43.6938 0002284 215.6993 311.0444  1.00269688 14647
INTELSAT 22 (IS-22)     
1 38098U 12011A   16046.39732402 -.00000081  00000-0  00000-0 0  9990
2 38098   0.0238  40.9886 0002063 290.5026  28.4659  1.00273169 13987
APSTAR 7                
1 38107U 12013A   16047.76379420 -.00000126  00000-0  00000+0 0  9991
2 38107   0.0294  96.4411 0002503 233.8468 167.3455  1.00271464 14332
YAHSAT 1B               
1 38245U 12016A   16047.46249797  .00000103  00000-0  00000+0 0  9991
2 38245   0.0091 112.3717 0002557 180.6218  66.9460  1.00269576 14081
JCSAT-13                
1 38331U 12023A   16048.24813840 -.00000382  00000-0  00000+0 0  9998
2 38331   0.0183  75.4543 0002336 278.5218   5.9860  1.00270401 13745
VINASAT-2               
1 38332U 12023B   16046.86715550 -.00000352  00000-0  00000+0 0  9991
2 38332   0.0067 254.9971 0002410  78.8127 255.4761  1.00269450 13776
NIMIQ 6                 
1 38342U 12026A   16047.84677141 -.00000198  00000-0  00000+0 0  9995
2 38342   0.0091 117.5330 0002472 206.2927  36.1576  1.00270800 13768
CHINASAT 2A (ZX 2A)     
1 38352U 12028A   16047.06348912 -.00000315  00000-0  00000+0 0  9994
2 38352   0.0394 247.8190 0005482  88.9096 289.8052  1.00268392 13794
INTELSAT 19 (IS-19)     
1 38356U 12030A   16048.13170308 -.00000082  00000-0  00000+0 0  9993
2 38356   0.0278 285.3994 0002990  48.9645  25.5863  1.00272624 13681
ECHOSTAR 17             
1 38551U 12035A   16046.89375118 -.00000098  00000-0  00000+0 0  9999
2 38551   0.0143 133.5907 0002802 189.2044  37.1529  1.00270573 13286
METEOSAT-10 (MSG-3)     
1 38552U 12035B   16046.59550584 -.00000020  00000-0  00000+0 0  9994
2 38552   0.5416  87.1661 0000956 226.5591  46.2354  1.00281588 13371
SES-5                   
1 38652U 12036A   16046.98103662  .00000011  00000-0  00000+0 0  9999
2 38652   0.0501 276.6180 0002228  42.6550 184.2613  1.00275471 13228
TIANLIAN 1-03           
1 38730U 12040A   16046.54030269  .00000104  00000-0  00000+0 0  9998
2 38730   0.0541 104.8217 0002680 285.6241 329.5378  1.00278201 13147
INTELSAT 20 (IS-20)     
1 38740U 12043A   16044.92781198 -.00000044  00000-0  00000+0 0  9990
2 38740   0.0062 103.2099 0001453  86.1822 356.4822  1.00271781 12961
HYLAS 2                 
1 38741U 12043B   16047.50840794  .00000130  00000-0  00000+0 0  9991
2 38741   0.0628 274.7013 0002479  47.4708  37.7766  1.00275139 13016
INTELSAT 21 (IS-21)     
1 38749U 12045A   16048.41755191 -.00000311  00000-0  00000+0 0  9990
2 38749   0.0112  55.5941 0002624 257.2333 286.2850  1.00270759 12808
ASTRA 2F                
1 38778U 12051A   16046.51896662  .00000127  00000-0  00000+0 0  9991
2 38778   0.0840 249.5011 0003197  21.4726  88.9578  1.00272055 12449
GSAT-10                 
1 38779U 12051B   16047.36438019 -.00000189  00000-0  00000+0 0  9993
2 38779   0.0610 269.0901 0001792  17.0029  73.8538  1.00272568 12455
INTELSAT 23 (IS-23)     
1 38867U 12057A   16047.73520740 -.00000309  00000-0  00000+0 0  9995
2 38867   0.0412 275.3628 0002583  23.7223  58.7146  1.00270530 12272
BEIDOU G6               
1 38953U 12059A   16048.52521228 -.00000162  00000-0  10000-3 0  9995
2 38953   0.6711  76.0600 0003402 206.9103 133.0516  1.00271156 12223
LUCH 5B                 
1 38977U 12061A   16048.15614461 -.00000156  00000-0  00000+0 0  9993
2 38977   2.5737  78.6385 0004078 226.4248 241.3941  1.00272741 12342
YAMAL 300K              
1 38978U 12061B   16047.30265588  .00000047  00000-0  00000+0 0  9990
2 38978   0.0183 136.6885 0001070 265.9183  35.0013  1.00269785 12034
STAR ONE C3             
1 38991U 12062A   16048.34757553 -.00000275  00000-0  00000+0 0  9993
2 38991   0.0357 280.4665 0002895  43.9878 232.4080  1.00271370 12026
EUTELSAT 21B            
1 38992U 12062B   16046.53726306  .00000108  00000-0  00000+0 0  9999
2 38992   0.0675  19.4725 0002638 316.3846  24.0988  1.00273583 12024
ECHOSTAR 16             
1 39008U 12065A   16047.76472189 -.00000307  00000-0  00000+0 0  9996
2 39008   0.0100 108.8442 0002656 210.4864  40.6153  1.00273622 11974
CHINASAT 12 (ZX 12)     
1 39017U 12067A   16047.06165926 -.00000230  00000-0  00000+0 0  9994
2 39017   0.0251  95.0710 0003368 227.6840 292.4044  1.00270873 11860
EUTELSAT 70B            
1 39020U 12069A   16047.39914953 -.00000067  00000-0  00000+0 0  9996
2 39020   0.0721  36.1273 0002910 270.1316  53.6808  1.00272006 11774
YAMAL 402               
1 39022U 12070A   16048.15067360  .00000060  00000-0  10000-3 0  9993
2 39022   0.0461 277.8284 0001415  94.1161 243.7454  1.00274907 11764
SKYNET 5D               
1 39034U 12075A   16047.58290093  .00000075  00000-0  00000+0 0  9999
2 39034   0.0718  14.1541 0004107 308.5075  85.8854  1.00272767 11689
MEXSAT 3                
1 39035U 12075B   16046.91508724 -.00000048  00000-0  00000+0 0  9990
2 39035   0.0511 244.8343 0002400  56.5348  58.5747  1.00271143 11630
TDRS 11                 
1 39070U 13004A   16047.98384198  .00000074  00000-0  00000+0 0  9995
2 39070   5.9826 329.4030 0011321 286.2648  73.7016  1.00268820 11155
AMAZONAS 3              
1 39078U 13006A   16047.76328729 -.00000307  00000-0  00000+0 0  9999
2 39078   0.0578 250.1661 0003144  30.1902  79.5739  1.00271727 11130
AZERSPACE 1             
1 39079U 13006B   16047.46693697  .00000109  00000-0  00000+0 0  9995
2 39079   0.0117  99.9962 0002085 246.6662  13.2984  1.00273909 11099
EUTELSAT 117 WEST A     
1 39122U 13012A   16047.91789450 -.00000038  00000-0  00000+0 0  9996
2 39122   0.0206 230.6199 0002635 103.9099  25.4226  1.00272890 10634
ANIK G1                 
1 39127U 13014A   16047.89156293 -.00000099  00000-0  00000+0 0  9990
2 39127   0.0149 130.6349 0002930 169.9515  59.3847  1.00270307 10427
CHINASAT 11 (ZX 11)     
1 39157U 13020A   16048.02218068 -.00000316  00000-0  00000+0 0  9997
2 39157   0.0407 273.4442 0001781  30.6588 308.3014  1.00271585 10314
EUTELSAT 7B             
1 39163U 13022A   16046.57768544  .00000025  00000-0  00000+0 0  9999
2 39163   0.0405  17.6525 0005854 327.1209  15.1770  1.00273011 10158
SES-6                   
1 39172U 13026A   16048.29236861 -.00000287  00000-0  00000+0 0  9997
2 39172   0.0526  33.2318 0002780 281.8258 256.3566  1.00270124  9894
IRNSS-1A                
1 39199U 13034A   16045.78996084  .00000077  00000-0  00000+0 0  9992
2 39199  28.0789 123.6367 0020944 159.1071 200.9975  1.00270770  9799
ALPHASAT                
1 39215U 13038A   16046.82916855  .00000116  00000-0  00000+0 0  9993
2 39215   1.1702  32.4112 0002416 283.5812 152.5654  1.00270774  9429
INSAT-3D                
1 39216U 13038B   16046.36973575 -.00000178  00000-0  00000-0 0  9995
2 39216   0.0617 260.4393 0001453  42.4978  57.0172  1.00272167  9288
EUTELSAT 25B            
1 39233U 13044A   16047.52376727  .00000119  00000-0  00000+0 0  9999
2 39233   0.0503   2.7583 0001540 345.3737  11.8306  1.00271642  9064
GSAT-7                  
1 39234U 13044B   16046.39179399 -.00000099  00000-0  00000+0 0  9998
2 39234   0.0750 268.4032 0011681  18.7872  72.6502  1.00271759  9058
AMOS-4                  
1 39237U 13045A   16047.41424035 -.00000016  00000-0  00000+0 0  9995
2 39237   0.0632 274.4737 0002307  51.5635  33.9144  1.00270232  9053
ASTRA 2E                
1 39285U 13056A   16047.51548579  .00000126  00000-0  00000+0 0  9992
2 39285   0.0591  42.8610 0002425 277.3993  39.6882  1.00269843  8757
SIRIUS FM-6             
1 39360U 13058A   16045.92156497 -.00000038  00000-0  00000+0 0  9998
2 39360   0.0204  60.3325 0000102 223.5205  76.1153  1.00272329  8490
RADUGA-1M 3             
1 39375U 13062A   16048.09384895 -.00000063  00000-0  00000+0 0  9993
2 39375   0.0179 176.8627 0002498 147.6651 285.7284  1.00272115  8290
SES-8                   
1 39460U 13071A   16046.33393811 -.00000291  00000-0  00000+0 0  9994
2 39460   0.0556 277.1529 0001385  79.1720   3.6425  1.00271866  8027
INMARSAT 5-F1           
1 39476U 13073A   16046.85289123  .00000005  00000-0  00000+0 0  9992
2 39476   0.0166 109.9018 0000073 148.2198 256.7611  1.00271858  8081
TKSAT-1 (TUPAC KATARI)  
1 39481U 13075A   16048.22710770 -.00000220  00000-0  00000+0 0  9990
2 39481   0.0549 287.2540 0002159  12.6894 201.2458  1.00271289  8011
EXPRESS-AM5             
1 39487U 13077A   16047.56294351 -.00000305  00000-0  00000+0 0  9990
2 39487   0.0448 278.3483 0000344  56.2963 154.0027  1.00271145  8543
GSAT-14                 
1 39498U 14001A   16047.38919554 -.00000101  00000-0  00000+0 0  9993
2 39498   0.0476 260.0709 0004746  41.9214  57.9280  1.00272489  7740
THAICOM 6               
1 39500U 14002A   16048.01350782 -.00000146  00000-0  00000+0 0  9990
2 39500   0.0504 130.5995 0000967 306.2235 152.9757  1.00271806  7696
TDRS 12                 
1 39504U 14004A   16046.64659723 -.00000287  00000-0  00000+0 0  9996
2 39504   6.4555 336.8810 0003360 319.9014  40.1566  1.00269850  7602
ABS-2                   
1 39508U 14006A   16046.38947985 -.00000108  00000-0  00000+0 0  9995
2 39508   0.0145 273.0491 0002965  56.4483  30.4538  1.00271693  7486
ATHENA-FIDUS            
1 39509U 14006B   16046.49241539  .00000132  00000-0  00000+0 0  9996
2 39509   0.0111  99.9369 0001413 224.1105  35.9113  1.00271763  7657
TURKSAT 4A              
1 39522U 14007A   16045.69273707  .00000125  00000-0  00000+0 0  9997
2 39522   0.0773 273.0327 0003867  17.1170 145.3749  1.00274730  7357
EXPRESS-AT1             
1 39612U 14010A   16047.61368137  .00000054  00000-0  00000+0 0  9998
2 39612   0.0427 275.2848 0000606 222.9865 284.6593  1.00273194  7212
EXPRESS-AT2             
1 39613U 14010B   16047.50784219 -.00000306  00000-0  00000+0 0  9991
2 39613   0.0458 278.8068 0000092 259.9664 289.7925  1.00271042  7042
AMAZONAS 4A             
1 39616U 14011A   16046.76595082 -.00000306  00000-0  00000+0 0  9990
2 39616   0.0625  71.7091 0004477 281.4625   6.7899  1.00272823  7028
ASTRA 5B                
1 39617U 14011B   16048.13018402  .00000129  00000-0  00000+0 0  9992
2 39617   0.0462 306.9568 0002613  10.4508 267.4606  1.00270897  7032
IRNSS-1B                
1 39635U 14017A   16046.84081753  .00000059  00000-0  00000+0 0  9995
2 39635  29.9456 302.4608 0018394 181.3992  19.2652  1.00266750  6956
LUCH 5V                 
1 39727U 14023A   16048.01133858 -.00000289  00000-0  00000+0 0  9995
2 39727   3.6273 300.2694 0003589  24.6923 280.1720  1.00267378524685
KAZSAT 3                
1 39728U 14023B   16047.43235260  .00000037  00000-0  00000+0 0  9991
2 39728   0.0148  94.7112 0000979 305.8300 319.4325  1.00270345  6603
EUTELSAT 3B             
1 39773U 14030A   16047.97791624 -.00000005  00000-0  00000+0 0  9995
2 39773   0.0760 320.7865 0002692 307.7448 232.9855  1.00273877  6383
ASIASAT 8               
1 40107U 14046A   16047.30265771 -.00000356  00000-0  00000+0 0  9990
2 40107   0.0666 279.8980 0001042  33.4580  46.6019  1.00267857  5664
ASIASAT 6               
1 40141U 14052A   16047.87956860 -.00000387  00000-0  00000+0 0  9997
2 40141   0.0459 274.3815 0000765  34.9778 273.4553  1.00271018  5325
OPTUS 10                
1 40146U 14054A   16047.54419196 -.00000099  00000-0  00000+0 0  9994
2 40146   0.0090 152.8544 0001369 156.0982 196.8954  1.00272429  5289
MEASAT-3B               
1 40147U 14054B   16047.34087625 -.00000265  00000-0  00000+0 0  9996
2 40147   0.0361 297.4163 0002382  45.2238  17.3182  1.00272322  5331
LUCH (OLYMP)            
1 40258U 14058A   16048.28562358 -.00000037  00000-0  00000+0 0  9995
2 40258   0.0349 251.8858 0001657 277.7437  78.7649  1.00272257  5103
HIMAWARI 8              
1 40267U 14060A   16047.20464879 -.00000299  00000-0  00000+0 0  9998
2 40267   0.0325 277.2180 0000974  67.7680  14.9779  1.00272383  5022
IRNSS-1C                
1 40269U 14061A   16046.10000026 -.00000183  00000-0  00000+0 0  9991
2 40269   3.9873 263.5899 0021524  14.9991 344.9588  1.00272961  4960
INTELSAT 30 (IS-30)     
1 40271U 14062A   16048.09925072 -.00000176  00000-0  00000+0 0  9994
2 40271   0.0138 130.7562 0000894  72.4680 243.9305  1.00271019  4933
ARSAT 1                 
1 40272U 14062B   16048.46166127 -.00000285  00000-0  00000+0 0  9995
2 40272   0.0374 281.6856 0001553  27.9097 291.6420  1.00271071  5058
EXPRESS-AM6             
1 40277U 14064A   16048.15927407  .00000073  00000-0  00000+0 0  9998
2 40277   0.0141 134.9562 0000621  65.1750  56.7218  1.00273700  4846
GSAT-16                 
1 40332U 14078A   16047.44205577  .00000061  00000-0  00000+0 0  9990
2 40332   0.0485 269.7099 0002400 185.9083 264.3755  1.00272708  4422
DIRECTV 14              
1 40333U 14078B   16048.43698560 -.00000151  00000-0  00000+0 0  9990
2 40333   0.0142 126.5740 0000646 105.5868 332.7603  1.00269070  4414
YAMAL 401               
1 40345U 14082A   16048.02234492 -.00000253  00000-0  00000+0 0  9996
2 40345   0.0234 144.1810 0000743  97.8415   2.3845  1.00271457  4579
ASTRA 2G                
1 40364U 14089A   16046.51908417  .00000127  00000-0  00000+0 0  9990
2 40364   0.0451 309.9983 0002955  70.5110 339.4706  1.00270330  4175
FENGYUN 2G              
1 40367U 14090A   16047.77858451 -.00000353  00000-0  00000+0 0  9998
2 40367   1.4414 273.8878 0002873 238.2724  18.8450  1.00266121  4208
INMARSAT 5-F2           
1 40384U 15005A   16048.33192791 -.00000311  00000-0  00000+0 0  9999
2 40384   0.0158 110.9480 0000093  15.9926  84.2886  1.00272006  3841
ABS-3A                  
1 40424U 15010A   16047.28299965 -.00000051  00000-0  00000+0 0  9995
2 40424   0.0082 111.0811 0002562 129.7018   3.7676  1.00270770  3569
EUTELSAT 115 WEST B     
1 40425U 15010B   16046.53137188 -.00000047  00000-0  00000+0 0  9996
2 40425   0.0118 126.9675 0000231 135.6981 318.6614  1.00271592  3584
EXPRESS-AM7             
1 40505U 15012A   16048.21198947  .00000125  00000-0  00000+0 0  9990
2 40505   0.0300 104.5496 0001867 210.6494 307.7124  1.00274032  3529
IRNSS-1D                
1 40547U 15018A   16047.12588158 -.00000320  00000-0  00000+0 0  9996
2 40547  29.9513 302.6057 0017969 181.5436 178.4920  1.00276910  3408
BEIDOU I1-S             
1 40549U 15019A   16047.92502036 -.00000204  00000-0  00000+0 0  9999
2 40549  54.7971 339.3173 0040441 180.6899  54.9794  1.00287797  3248
THOR 7                  
1 40613U 15022A   16046.59890016 -.00000031  00000-0  00000+0 0  9993
2 40613   0.0372 245.3697 0002749  78.5334  36.0463  1.00270623  2977
TURKMENALEM52E/MONACOSAT
1 40617U 15023A   16047.45021762  .00000079  00000-0  00000+0 0  9999
2 40617   0.0110  71.3771 0002340 268.5483  20.0317  1.00274584  3011
DIRECTV 15              
1 40663U 15026A   16046.88171846 -.00000126  00000-0  00000+0 0  9992
2 40663   0.0222  93.0616 0000029   8.5874 258.3189  1.00270750  2702
SKY MEXICO-1            
1 40664U 15026B   16045.81816996 -.00000255  00000-0  00000+0 0  9990
2 40664   0.0095  95.4334 0002034 263.5363   0.9994  1.00273419  2685
METEOSAT-11 (MSG-4)     
1 40732U 15034A   16046.33069712 -.00000053  00000-0  00000+0 0  9995
2 40732   2.7566 260.2416 0002201  78.0702 281.7740  1.00269783  2191
STAR ONE C4             
1 40733U 15034B   16048.42035291 -.00000291  00000-0  00000+0 0  9997
2 40733   0.0302 307.3182 0002688  23.8202 256.9885  1.00270817  2202
INTELSAT 34             
1 40874U 15039A   16048.20312441 -.00000311  00000-0  00000+0 0  9992
2 40874   0.0056  97.7141 0000766 149.5817 276.9074  1.00270440  1845
EUTELSAT 8 WEST B       
1 40875U 15039B   16047.61647886 -.00000090  00000-0  00000+0 0  9995
2 40875   0.0657 335.9202 0003278 347.5312  36.4922  1.00272750  1868
GSAT-6                  
1 40880U 15041A   16047.36416668 -.00000188  00000-0  00000+0 0  9996
2 40880   0.8374 273.9443 0009795   9.6300  76.2817  1.00271678  1794
INMARSAT 5-F3           
1 40882U 15042A   16047.09689160  .00000027  00000-0  00000+0 0  9999
2 40882   0.0098 104.3997 0001049 172.8202  82.7354  1.00275521  1711
TJS-1                   
1 40892U 15046A   16047.55759794 -.00000181  00000-0  00000+0 0  9998
2 40892   0.0470 253.1950 0006281  99.0115 149.5121  1.00270850  1718
EXPRESS-AM8             
1 40895U 15048A   16047.98991488 -.00000137  00000-0  00000+0 0  9999
2 40895   0.0369 263.0039 0000479 156.4840  69.2325  1.00270774  1542
BEIDOU I2-S             
1 40938U 15053A   16046.73967962 -.00000161  00000-0  00000+0 0  9992
2 40938  54.8560 302.1748 0042719 165.5957  40.9544  1.00268860  1514
SKY MUSTER (NBN1A)      
1 40940U 15054A   16048.20313025 -.00000304  00000-0  00000+0 0  9994
2 40940   0.0169 131.7025 0001956 190.4126  37.8711  1.00269120  1467
ARSAT 2                 
1 40941U 15054B   16047.81902888 -.00000249  00000-0  00000+0 0  9990
2 40941   0.0028  95.0956 0001279 231.6794  33.1826  1.00272039  1485
MORELOS 3               
1 40946U 15056A   16047.82884945 -.00000062  00000-0  00000+0 0  9994
2 40946   6.9902 331.4323 0003358   2.6420 357.4328  1.00273161  1456
APSTAR 9                
1 40982U 15059A   16047.20086685 -.00000289  00000-0  00000+0 0  9995
2 40982   0.0340 256.8135 0002579  20.0822  83.0418  1.00272663  1326
TURKSAT 4B              
1 40984U 15060A   16047.45587697  .00000091  00000-0  00000+0 0  9995
2 40984   0.0196 256.3936 0001950  77.5899  25.9730  1.00270179  1270
CHINASAT 2C (ZX 2C)     
1 41021U 15063A   16048.48911118 -.00000350  00000-0  00000+0 0  9993
2 41021   0.3601 270.5111 0002684 120.1943  35.6513  1.00275300  1188
GSAT-15                 
1 41028U 15065A   16047.84105270 -.00000282  00000-0  00000+0 0  9999
2 41028   0.0443 267.5459 0001512  18.4467 256.5149  1.00270593  1027
BADR-7 (ARABSAT-6B)     
1 41029U 15065B   16048.03521427  .00000119  00000-0  00000+0 0  9996
2 41029   0.0480 255.2161 0004222   9.0647 280.7898  1.00270755  1075
LAOSAT 1                
1 41034U 15067A   16048.39357911 -.00000369  00000-0  00000+0 0  9996
2 41034   0.0063 205.1959 0002173   8.7936 202.9793  1.00270768  1037
TELSTAR 12V             
1 41036U 15068A   16047.70376341 -.00000144  00000-0  00000+0 0  9992
2 41036   0.0275 202.9326 0001731  93.8774  87.6248  1.00270901   896
CHINASAT 1C (ZX 1C)     
1 41103U 15073A   16048.01396756 -.00000174  00000-0  00000+0 0  9993
2 41103   0.0211 328.8860 0001418   3.5398 260.4609  1.00270104   835
ELEKTRO-L 2             
1 41105U 15074A   16048.01350781 -.00000140  00000-0  00000+0 0  9997
2 41105   0.3345 276.6674 0000185 174.8759 137.5800  1.00271861   685
COSMOS 2513             
1 41121U 15075A   16047.57663378 -.00000162  00000-0  00000+0 0  9999
2 41121   0.0132 256.5393 0003383 175.1691   2.0788  1.00270729   763
EXPRESS-AMU1            
1 41191U 15082A   16046.93452534  .00000132  00000-0  00000-0 0  9990
2 41191   0.0029 111.7453 0000914 223.7767 182.3267  1.00269727   664
GAOFEN 4                
1 41194U 15083A   16047.77858451 -.00000360  00000-0  00000+0 0  9998
2 41194   0.5036 267.0486 0000515 276.2286 349.1929  1.00269340   655
IRNSS-1E                
1 41241U 16003A   16048.52991528 -.00000321  00000-0  00000+0 0  9998
2 41241  28.0641 123.2653 0021371 184.3477 141.9278  1.00271110   369
