STARLETTE               
1 07646U 75010A   16048.04518862 -.00000120  00000-0  17040-4 0  9999
2 07646  49.8224 237.1124 0205676 198.9495 160.3661 13.82299790 72603
LAGEOS 1                
1 08820U 76039A   16047.18333843 -.00000015  00000-0  00000+0 0  9990
2 08820 109.8610 326.5592 0044154  29.7121 229.6925  6.38664950672532
AJISAI (EGS)            
1 16908U 86061A   16048.19873363 -.00000099  00000-0 -12991-4 0  9990
2 16908  50.0075 228.8831 0011192 297.6631 233.6233 12.44483072 10922
LAGEOS 2                
1 22195U 92070B   16047.55079966 -.00000009  00000-0  00000+0 0  9991
2 22195  52.6508 131.6252 0137727 337.1654  76.5725  6.47294055551323
STELLA                  
1 22824U 93061B   16048.57346943 -.00000018  00000-0  11080-4 0  9991
2 22824  98.7524 357.1596 0006878  28.3876  88.2097 14.27361277166731
GRACE-1                 
1 27391U 02012A   16048.19202640  .00027933  00000-0  26716-3 0  9999
2 27391  88.9946  31.1873 0004973 191.2694 236.4634 15.66559647781071
GRACE-2                 
1 27392U 02012B   16048.11572897  .00027501  00000-0  26307-3 0  9993
2 27392  88.9953  31.2699 0005011 191.3221 168.7937 15.66556121781053
LARES                   
1 38077U 12006A   16048.26400064 -.00000022  00000-0  10000-3 0  9994
2 38077  69.4911 256.7430 0008657 347.3530  12.7281 12.54930866183800
