COSMOS 2413 (712)       
1 28509U 04053B   16048.38096064  .00000029  00000-0  00000+0 0  9991
2 28509  63.1321 194.3995 0005474 164.4143 170.5723  2.13101713 86722
COSMOS 2419 (714)       
1 28915U 05050A   16047.86388226  .00000003  00000-0  00000+0 0  9998
2 28915  65.2671  82.2606 0016029 344.2360 314.3790  2.13109162 78960
COSMOS 2425 (716)       
1 29670U 06062A   16048.07637032 -.00000065  00000-0  10000-3 0  9991
2 29670  65.6842 321.2259 0023456 345.0310 177.6738  2.13104968 71176
COSMOS 2426 (717)       
1 29671U 06062B   16047.45596870 -.00000064  00000-0  10000-3 0  9996
2 29671  65.7011 321.3258 0014956 166.5131 102.0195  2.13103092 71163
COSMOS 2424 (715)       
1 29672U 06062C   16048.06872579 -.00000065  00000-0  10000-3 0  9999
2 29672  65.6854 321.2361 0014378 165.2014  30.0643  2.13102113 71178
COSMOS 2433 (720)       
1 32275U 07052A   16048.16691051  .00000006  00000-0  10000-3 0  9991
2 32275  65.2827  82.0190 0004720 268.0455 155.9875  2.13105005 64696
COSMOS 2432 (719)       
1 32276U 07052B   16047.59065688  .00000002  00000-0  10000-3 0  9995
2 32276  65.2945  82.1025 0012867 328.5858 327.4431  2.13104246 64674
COSMOS 2434 (721)       
1 32393U 07065A   16048.06174692 -.00000065  00000-0  00000+0 0  9993
2 32393  65.3030 320.6072 0002909  79.9454 156.4071  2.13102810 63390
COSMOS 2436 (723)       
1 32395U 07065C   16048.00571117 -.00000065  00000-0  10000-3 0  9997
2 32395  65.3163 320.6495 0018882 351.7210 293.6389  2.13102886 63328
COSMOS 2443 (725)       
1 33379U 08046B   16047.44659103  .00000001  00000-0  10000-3 0  9998
2 33379  65.2111  81.4719 0018074 192.0179 305.9843  2.13101488 57543
COSMOS 2456 (730)       
1 36111U 09070A   16047.62212052  .00000054  00000-0  00000+0 0  9994
2 36111  64.1872 200.2289 0003521 348.3302  79.7248  2.13102933 48057
COSMOS 2457 (733)       
1 36112U 09070B   16048.39323670  .00000042  00000-0  00000+0 0  9996
2 36112  64.1691 200.1320 0007429 147.8701 282.5950  2.13101552 48070
COSMOS 2458 (734)       
1 36113U 09070C   16048.30230118  .00000043  00000-0  10000-3 0  9998
2 36113  64.1745 200.1398 0002989  60.8171 347.1860  2.13102046 48074
COSMOS 2459 (731)       
1 36400U 10007A   16047.46484656  .00000001  00000-0  10000-3 0  9997
2 36400  65.1901  81.2091 0028803 348.8070 123.0329  2.13102344 46403
COSMOS 2461 (735)       
1 36401U 10007B   16048.46437547  .00000008  00000-0  10000-3 0  9993
2 36401  65.1830  81.1582 0004119  61.1568   8.0322  2.13102328 46429
COSMOS 2460 (732)       
1 36402U 10007C   16048.02288157  .00000005  00000-0  10000-3 0  9994
2 36402  65.1734  81.1513 0002159 271.4145 221.1547  2.13102007 46416
COSMOS 2466 (738)       
1 37137U 10041A   16048.16351766 -.00000065  00000-0  10000-3 0  9997
2 37137  64.8852 320.7670 0018230 155.1986  22.9131  2.13110864 42493
COSMOS 2465 (737)       
1 37138U 10041B   16047.59019175 -.00000065  00000-0  00000+0 0  9994
2 37138  64.9038 320.8574 0032750 168.6013 112.1604  2.13102472 42479
COSMOS 2464 (736)       
1 37139U 10041C   16048.21215350 -.00000065  00000-0  00000+0 0  9998
2 37139  64.9046 320.8289 0023671  12.4096 160.0872  2.13101628 42494
COSMOS 2471 (701K)      
1 37372U 11009A   16047.65232123  .00000003  00000-0  00000+0 0  9997
2 37372  65.1709  81.1136 0009156 241.0076  99.4712  2.13102944 38675
COSMOS 2474 (742)       
1 37829U 11055A   16047.65687175  .00000055  00000-0  00000+0 0  9993
2 37829  64.5116 200.5895 0005704 247.9653  68.6946  2.13101936 34041
COSMOS 2476 (744)       
1 37867U 11064A   16047.51406823  .00000057  00000-0  00000+0 0  9991
2 37867  64.4917 200.6793 0014565 244.9551   7.9288  2.13102062 33391
COSMOS 2477 (745)       
1 37868U 11064B   16048.46790556  .00000042  00000-0  00000+0 0  9990
2 37868  64.4993 200.6855 0012597 245.9917 198.0294  2.13101905 33377
COSMOS 2475 (743)       
1 37869U 11064C   16048.46883688  .00000042  00000-0  00000+0 0  9990
2 37869  64.5066 200.6721 0018149 278.2694 122.5436  2.13102071 33388
COSMOS 2478 (746)       
1 37938U 11071A   16048.08351883  .00000005  00000-0  00000+0 0  9999
2 37938  65.1985  81.3163 0014673 243.0801 187.3385  2.13088554 32980
COSMOS 2485 (747)       
1 39155U 13019A   16048.00893310  .00000050  00000-0  00000+0 0  9994
2 39155  64.6601 200.5856 0014923 238.7832  78.9293  2.13102078 21876
COSMOS 2492 (754)       
1 39620U 14012A   16048.46116699  .00000008  00000-0  10000-3 0  9991
2 39620  65.0623  81.1408 0016653 326.6123  10.8581  2.13103493 14835
COSMOS 2500 (755)       
1 40001U 14032A   16047.65302595  .00000002  00000-0  00000+0 0  9999
2 40001  65.0024  81.2025 0007254 222.3418  79.0991  2.13102970 13039
COSMOS 2501 (702K)      
1 40315U 14075A   16048.16839453 -.00000068  00000-0  00000+0 0  9992
2 40315  64.6740 322.3253 0017037 240.7422 257.9065  2.13101318  9453
