GOES 1 [-]              
1 08366U 75100A   16047.43796400  .00000025  00000-0  00000+0 0  9993
2 08366  12.7528 324.2158 0004816 257.0722 313.1489  1.00268343147366
GOES 2 [-]              
1 10061U 77048A   16047.44494144 -.00000332  00000-0  00000+0 0  9994
2 10061  13.8653 333.0057 0015905 301.2877 178.9235  0.99401576 86005
GOES 3 [P]              
1 10953U 78062A   16047.52663876 -.00000135  00000-0  00000+0 0  9991
2 10953  13.9526 336.4831 0002561 194.3940  61.1631  1.00279257 91087
GOES 4 [-]              
1 11964U 80074A   16046.79070679 -.00000003  00000-0  00000-0 0  9996
2 11964  14.6684 340.2396 0031575 358.2229 124.3599  0.99229906 89984
GOES 5 [-]              
1 12472U 81049A   16047.42560834  .00000067  00000-0  00000+0 0  9990
2 12472  14.6613 350.3325 0004902 224.1571 302.8977  1.00284267 85129
GOES 6 [-]              
1 14050U 83041A   16047.52880240  .00000041  00000-0  00000+0 0  9997
2 14050  14.7946 355.1596 0002966 187.7560  18.7413  1.00270200178219
GOES 7 [-]              
1 17561U 87022A   16046.83981046 -.00000357  00000-0  00000-0 0  9991
2 17561  15.0544  11.0328 0003909 278.0813 273.3735  0.99898252 89252
GOES 8 [-]              
1 23051U 94022A   16046.58282512  .00000024  00000-0  00000+0 0  9993
2 23051  10.7352  43.7144 0008529 227.9259 315.3047  0.98903660 86787
GOES 9 [-]              
1 23581U 95025A   16047.34100366 -.00000124  00000-0  00000+0 0  9998
2 23581  10.2460  42.8813 0001233  94.4277  59.1856  0.98799398 75460
GOES 10 [-]             
1 24786U 97019A   16047.46343008 -.00000323  00000-0  00000+0 0  9997
2 24786   8.5649  47.1604 0029498 149.3368 262.2895  0.99126240 68651
GOES 11 [-]             
1 26352U 00022A   16047.16852131 -.00000263  00000-0  00000+0 0  9998
2 26352   3.9664  79.2908 0003304 145.9689 306.1432  0.99044434 57610
GOES 12 [-]             
1 26871U 01031A   16046.38602409 -.00000234  00000-0  00000+0 0  9997
2 26871   5.4443  63.9163 0009687 219.7322 170.6412  0.99141118 53317
GOES 13 [+]             
1 29155U 06018A   16046.80460364 -.00000272  00000-0  00000+0 0  9996
2 29155   0.3302  95.6634 0002757 300.0495 324.2734  1.00264181 35676
GOES 14 [S]             
1 35491U 09033A   16046.88698718 -.00000114  00000-0  00000+0 0  9995
2 35491   0.0180 167.7094 0004104  69.4330 122.7857  1.00271753 24319
GOES 15 [+]             
1 36411U 10008A   16046.97194527  .00000066  00000-0  00000+0 0  9996
2 36411   0.0712 251.6190 0001942   6.0870 102.2395  1.00273006 21844
