GORIZONT 1 [-]          
1 11158U 78118A   16046.18200401 -.00000145  00000-0  00000-0 0  9995
2 11158  17.1066 278.0561 3403250 171.7575 195.6256  1.00233368 85089
GORIZONT 2 [-]          
1 11440U 79062A   16046.71458157 -.00000001  00000-0  00000-0 0  9991
2 11440  13.5043 329.2546 0005606 244.8314 250.6890  1.00253190100172
GORIZONT 3 [-]          
1 11648U 79105A   16046.90871831 -.00000301  00000-0  00000-0 0  9991
2 11648  13.5971 330.4094 0013558 165.0579  71.2219  1.00334537 84635
GORIZONT 4 [-]          
1 11841U 80049A   16047.16373916 -.00000241  00000-0  00000+0 0  9997
2 11841  14.5338 334.6777 0005050 252.1120 308.5905  0.98630792196326
GORIZONT 5 [-]          
1 13092U 82020A   16046.67522692 -.00000259  00000-0  00000+0 0  9999
2 13092  15.2024 339.4479 0034258 153.4283  41.5555  0.98533565 84380
GORIZONT 6 [-]          
1 13624U 82103A   16046.36769476 -.00000224  00000-0  00000+0 0  9993
2 13624  14.0598 339.3310 0003761 202.5619   4.8892  1.00377143 83085
GORIZONT 7 [-]          
1 14160U 83066A   16048.06979703 -.00000042  00000-0  00000+0 0  9991
2 14160  15.1656 346.8586 0014230 246.7034 170.1404  0.98346677117684
GORIZONT 8 [-]          
1 14532U 83118A   16046.94025311 -.00000024  00000-0  00000-0 0  9995
2 14532  15.2044 348.4215 0024795  92.3420 117.4780  0.98267807 83418
GORIZONT 9 [-]          
1 14940U 84041A   16047.02049536 -.00000255  00000-0  00000+0 0  9994
2 14940  14.4581 347.1749 0007607 190.3910  65.4765  1.00236848 84176
GORIZONT 10 [-]         
1 15144U 84078A   16046.51876975  .00000086  00000-0  00000+0 0  9990
2 15144  14.4756 348.1796 0004694 234.3953 306.4944  1.00316318116757
GORIZONT 11 [-]         
1 15484U 85007A   16048.11357439 -.00000103  00000-0  00000+0 0  9998
2 15484  14.4988 349.9024 0002389 199.5947 350.4385  1.00259923114796
GORIZONT 12 [-]         
1 16769U 86044A   16043.98631178  .00000109  00000-0  00000-0 0  9998
2 16769  14.6901 354.7796 0005645 219.2055 324.1846  1.00254501109384
GORIZONT 13 [-]         
1 17083U 86090A   16046.34787244 -.00000184  00000-0  00000+0 0  9991
2 17083  16.0541   0.4720 0017640 264.8770 173.5010  0.96726682 82152
GORIZONT 14 [-]         
1 17969U 87040A   16046.35177902 -.00000203  00000-0  00000+0 0  9997
2 17969  15.7255 352.9456 0028584 119.3106 326.1705  0.97659790 82984
GORIZONT 15 [-]         
1 19017U 88028A   16048.32973611 -.00000072  00000-0  00000+0 0  9994
2 19017  16.0117   3.9280 0033612  99.6267  67.5975  0.97827133 82573
GORIZONT 16 [-]         
1 19397U 88071A   16048.25408966 -.00000310  00000-0  00000+0 0  9996
2 19397  14.9374   2.9312 0011966 334.5231 202.8671  0.99975821100502
GORIZONT 17 [-]         
1 19765U 89004A   16046.92436530  .00000035  00000-0  00000-0 0  9996
2 19765  15.1989   5.7957 0017979  74.2283 105.4651  0.99062815 98183
GORIZONT 18 [-]         
1 20107U 89052A   16047.84058980 -.00000132  00000-0  00000+0 0  9990
2 20107  15.1080   7.1618 0038344 249.4376 287.3887  0.99397232 96896
GORIZONT 19 [-]         
1 20263U 89081A   16046.83521176 -.00000386  00000-0  00000-0 0  9997
2 20263  14.8883   6.6910 0006570 209.7809 341.4650  1.00297132  9492
GORIZONT 20 [-]         
1 20659U 90054A   16046.88249808 -.00000315  00000-0  00000+0 0  9993
2 20659  15.0408   9.6677 0007578 151.4963  38.6265  1.00280927 93846
GORIZONT 21 [-]         
1 20923U 90094A   16046.99803016  .00000097  00000-0  00000+0 0  9996
2 20923  14.9761  10.4823 0007526 186.6404 348.0819  1.00371335 92594
GORIZONT 22 [-]         
1 20953U 90102A   16046.89209992 -.00000066  00000-0  00000-0 0  9999
2 20953  14.8994  10.7423 0005303 238.2906 288.6264  1.00154559 92528
GORIZONT 23 [-]         
1 21533U 91046A   16046.33936837 -.00000269  00000-0  00000+0 0  9990
2 21533  15.2816  14.3827 0008638 230.7291 187.8955  0.98910873 83394
GORIZONT 24 [-]         
1 21759U 91074A   16048.32977422 -.00000048  00000-0  00000+0 0  9992
2 21759  15.2610  15.9304 0021573 171.7804 345.1041  0.98441538 87891
GORIZONT 25 [-]         
1 21922U 92017A   16048.05450377  .00000082  00000-0  00000+0 0  9994
2 21922  14.8397  15.8002 0023269  11.4747 173.3644  0.99849092 87252
GORIZONT 26 [-]         
1 22041U 92043A   16046.89380212  .00000033  00000-0  00000-0 0  9993
2 22041  14.8281  17.3942 0034331 175.7870 344.2784  0.99239308 86010
GORIZONT 27 [-]         
1 22245U 92082A   16046.83969553 -.00000384  00000-0  00000+0 0  9996
2 22245  14.7504  17.6685 0013364 278.9278 265.6157  1.00167522 89330
GORIZONT 28 [-]         
1 22880U 93069A   16046.25682216 -.00000334  00000-0  00000+0 0  9996
2 22880  14.5249  21.0051 0030087  73.1379 289.9609  0.99658213 81526
GORIZONT 29 [-]         
1 22907U 93072A   16048.01001218  .00000059  00000-0  00000+0 0  9996
2 22907  14.4775  20.7562 0013011 257.4168 286.8723  1.00115396 81417
GORIZONT 30 [-]         
1 23108U 94030A   16046.39202343 -.00000252  00000-0  00000+0 0  9992
2 23108  14.3911  21.7831 0005363 195.4581  39.4276  1.00237131 79631
GORIZONT 31 [-]         
1 23775U 96005A   16047.09217356 -.00000212  00000-0  00000+0 0  9990
2 23775  13.7118  27.2558 0022075 147.1439 282.8373  0.99885208 73340
GORIZONT 32 [-]         
1 23880U 96034A   16046.40360977 -.00000302  00000-0  00000+0 0  9991
2 23880  13.6031  27.9511 0010315 255.1562 301.0355  1.00161678 72228
GORIZONT 33 [-]         
1 26372U 00029A   16047.87956860 -.00000389  00000-0  00000+0 0  9998
2 26372  11.3226  37.1496 0001734 186.0325   0.8287  1.00349769 57586
