MTI                     
1 26102U 00014A   16048.46911006  .00014781  00000-0  36193-3 0  9998
2 26102  97.5166 195.0167 0009101 224.0197 209.3246 15.40826444879561
CFESAT                  
1 30777U 07006F   16048.06739534  .00013013  00000-0  47892-3 0  9994
2 30777  35.4224 280.1457 0004523 294.5076  65.5176 15.27079487493534
SPIRALE A               
1 33751U 09008C   16047.46257739  .00000513  00000-0  44578-3 0  9997
2 33751   2.0703 282.6297 5575501 198.7568 127.2760  4.58538635 88504
SPIRALE B               
1 33752U 09008D   16047.10572970  .00012739  00000-0  19772-2 0  9996
2 33752   1.8867 247.4096 7008874 262.5082  19.4647  2.64254684 61811
SAPPHIRE                
1 39088U 13009C   16048.16390460  .00000065  00000-0  39147-4 0  9998
2 39088  98.5902 249.3149 0010385 297.5212  62.4916 14.34088312155711
