COSMOS 2361 [-]         
1 25590U 98076A   16048.21904534  .00000038  00000-0  25000-4 0  9990
2 25590  82.9343 115.1482 0032334 153.0465 270.1644 13.72907508859258
COSMOS 2378 [-]         
1 26818U 01023A   16048.35979070  .00000081  00000-0  69561-4 0  9990
2 26818  82.9300 137.3397 0034452 109.8994 250.5865 13.73895791736820
COSMOS 2389 [-]         
1 27436U 02026A   16048.55656005  .00000056  00000-0  43150-4 0  9991
2 27436  82.9479  80.4815 0046038 347.4960 123.4778 13.74894577688732
COSMOS 2398 [-]         
1 27818U 03023A   16047.95169571  .00000038  00000-0  25079-4 0  9993
2 27818  82.9463  35.0362 0031554 355.7495   4.3387 13.72123251636259
COSMOS 2407 [+]         
1 28380U 04028A   16047.82780568  .00000094  00000-0  80745-4 0  9998
2 28380  82.9620 348.3267 0040018   5.4967 354.6616 13.76020429581107
COSMOS 2414 [+]         
1 28521U 05002A   16048.40869174  .00000048  00000-0  27501-4 0  9994
2 28521  82.9492  16.0109 0038795 284.8316  74.8552 13.87563579560911
COSMOS 2429 [-]         
1 32052U 07038A   16048.55235824  .00000052  00000-0  38875-4 0  9995
2 32052  82.9797 105.5315 0037611 330.2582 173.8300 13.74866987423311
COSMOS 2454 [-]         
1 35635U 09039A   16048.37265854  .00000059  00000-0  35247-4 0  9991
2 35635  82.9560   6.6968 0017568 251.3313 108.5949 13.89589093333587
COSMOS 2463 [+]         
1 36519U 10017A   16048.25603006  .00000102  00000-0  96337-4 0  9999
2 36519  82.9628 141.0325 0037232 154.7062 205.5926 13.71394556290867
