AO-07
1 07530U 74089B   16043.53934321 -.00000038  00000-0  38200-4 0  9996
2 07530 101.5582  17.4398 0011837 193.9319 279.3953 12.53619449887371
FO-29
1 24278U 96046B   16042.87197228  .00000022  00000-0  57564-4 0  9990
2 24278 098.5773 344.6528 0350589 169.5489 191.3188 13.53063272962176
RS-22
1 27939U 03042A   16043.36909171  .00000576  00000-0  11258-3 0  9997
2 27939  97.8679 200.0313 0012683 350.8417   9.2570 14.66315805661381
HO-68
1 36122U 09072B   16043.49728388 -.00000059  00000-0 -43517-4 0  9995
2 36122 100.1612  84.3579 0006895 285.7305  74.3050 13.16332437296077
AO-73
1 39444U 13066AE  16042.88290743  .00001350  00000-0  17607-3 0  9997
2 39444 097.6989 101.5171 0060505 074.1768 286.6104 14.80850874118292
EO-79
1 40025U 14033R   16043.43762071  .00001621  00000-0  18349-3 0  9994
2 40025  97.9378 308.8806 0013994 114.0006 246.2677 14.87782277 89506
XW-2A
1 40903U 15049E   16043.57894346  .00007811  00000-0  23055-3 0  9990
2 40903  97.4506  57.2730 0014899 220.5139 255.1628 15.35153194 22275
XW-2C
1 40906U 15049H   16043.56398640  .00003921  00000-0  22480-3 0  9997
2 40906  97.4541  53.3852 0017463 108.9466   7.0114 15.13033403 22002
LILACSAT-2
1 40908U 15049K   16043.56188726  .00002648  00000-0  15650-3 0  9997
2 40908  97.4611  53.3556 0018155 102.5276  13.9789 15.12202224 21990
XW-2E
1 40909U 15049L   16043.45829191  .00005138  00000-0  28804-3 0  9996
2 40909  97.4540  53.3805 0016742 111.4141  26.8635 15.13705049 21996
UO-11
1 14781U 84021B   16043.17408428  .00000480  00000-0  65877-4 0  9993
2 14781  97.7681  98.9193 0008807  16.8277 343.3227 14.82666901717589
LO-19
1 20442U 90005G   16042.87735829  .00000096  00000-0  51046-4 0  9993
2 20442 098.5344 339.6436 0012171 154.5950 205.5835 14.32796698361207
AO-27
1 22825U 93061C   16042.85493641  .00000088  00000-0  51473-4 0  9991
2 22825  98.7431 358.4353 0007960 334.6792  25.3999 14.29937287167182
IO-26
1 22826U 93061D   16042.85797611  .00000093  00000-0  53264-4 0  9992
2 22826  98.7375 358.5769 0008339 325.0967  34.9668 14.30259809167347
GO-32
1 25397U 98043D   16043.11995190  .00000044  00000-0  38125-4 0  9990
2 25397  98.5530 351.4308 0001587  34.6513 325.4769 14.23582402913926
NO-44
1 26931U 01043C   16043.40932329  .00000062  00000-0  55806-4 0  9991
2 26931  67.0508 277.4016 0007440 272.2460  87.7789 14.30384943750157
SO-50
1 27607U 02058C   16042.86371579  .00000855  00000-0  14126-3 0  9991
2 27607  64.5543 186.7844 0078508 242.5614 116.7488 14.75053851706637
CO-55
1 27844U 03031E   16042.93409694  .00000182  00000-0  10226-3 0  9994
2 27844 098.6948 053.0248 0009147 333.7944 026.2770 14.21912467654463
CO-57
1 27848U 03031J   16042.94419895  .00000149  00000-0  87886-4 0  9993
2 27848 098.7044 053.0648 0009216 342.3273 017.7583 14.21543806654371
CO-65
1 32785U 08021C   16043.17451917  .00001122  00000-0  12970-3 0  9993
2 32785  97.6191  82.5387 0013168   0.5383 359.5846 14.87386088421898
PRISM
1 33493U 09002B   16043.42155114  .00003687  00000-0  34670-3 0  9997
2 33493  98.2307 257.5008 0014535 260.4981  99.4616 14.94500551382448
TISAT-1
1 36799U 10035E   16043.24311286  .00003132  00000-0  33459-3 0  9990
2 36799  98.0212 151.6919 0013713 136.0206 224.2104 14.89471123302676
ALMASAT-1
1 38078U 12006B   16043.34214122  .00041707  38165-5  59465-3 0  9997
2 38078  69.4533 348.2109 0418822 281.1977  74.2376 14.94861463210722
DUCHIFAT-1
1 40021U 14033M   16043.43129937  .00002528  00000-0  27444-3 0  9991
2 40021  97.9400 309.6619 0014626 113.1479 247.1281 14.88974189 89547
NANOSATCBR1
1 40024U 14033Q   16043.29664214  .00002162  00000-0  23878-3 0  9991
2 40024  97.9378 309.0768 0013863 113.1851 247.0827 14.88429074 89508
DTUSAT-2
1 40030U 14033W   16043.32077220  .00001568  00000-0  17922-3 0  9999
2 40030  97.9360 308.3193 0013504 108.3462 251.9224 14.87418860 89466
ANTELSAT
1 40034U 14033AA  16043.38362253  .00001049  00000-0  16559-3 0  9991
2 40034  97.9194 294.8406 0060920  69.7406 291.0321 14.73214471 88653
MET-2/21
1 22782U 93055A   16042.64598567  .00000026  00000-0  10316-4 0  9999
2 22782  82.5466  53.6546 0022707  13.0449 123.7501 13.83783108133718
NOAA-15
1 25338U 98030A   16043.53070622  .00000082  00000-0  53516-4 0  9994
2 25338  98.7820  47.4376 0010486 185.3139 174.7931 14.25702000923082
NOAA-18
1 28654U 05018A   16043.59328151  .00000063  00000-0  59793-4 0  9993
2 28654  99.1969  47.2623 0014438  10.8417 349.3062 14.12267032553003
NOAA-19
1 33591U 09005A   16043.52775210  .00000185  00000-0  12547-3 0  9994
2 33591  99.0242 359.3817 0013377 209.6547 150.3866 14.12038750361403
HUBBLE
1 20580U 90037B   16043.19074072  .00002058  00000-0  11870-3 0  9993
2 20580  28.4710  10.6522 0002595 294.7242 188.3758 15.08143533216075
ISS
1 25544U 98067A   16043.79075343  .00017122  00000-0  26004-3 0  9990
2 25544  51.6447 323.3654 0006843 108.9911 350.9556 15.54665771985478
CO-58
1 28895U 05043F   16042.71751325  .00000697  00000-0  14417-3 0  9990
2 28895  97.8235 223.0719 0015705 258.1190 101.8252 14.63090096548617
CAPE1
1 31130U 07012P   16042.87319266  .00000844  00000-0  19160-3 0  9999
2 31130  98.0171   3.1269 0095595 289.6805  69.4098 14.55821099467757
AAUSAT2
1 32788U 08021F   16043.18204517  .00002324  00000-0  22959-3 0  9992
2 32788  97.6204  90.1280 0011523 336.8959  23.1741 14.92831203422394
DO-64
1 32789U 08021G   16042.88835808  .00006399  00000-0  48835-3 0  9999
2 32789 097.6241 104.3004 0011651 340.4107 019.6668 15.02287263422937
CO-66
1 32791U 08021J   16043.17621598  .00001663  00000-0  17993-3 0  9994
2 32791  97.6204  85.2760 0013292 350.8333   9.2640 14.89506244422037
RS-30
1 32953U 08025A   16043.40473670  .00000010  00000-0 -13620-7 0  9993
2 32953  82.5030 184.8572 0018148 275.6982  84.2028 12.43067054350451
JUGNU
1 37839U 11058B   16042.55770579  .00000398  00000-0  70106-4 0  9991
2 37839  19.9602 191.3172 0018920 164.3272 265.3142 14.12520838224104
SRMSAT
1 37841U 11058D   16043.54134388  .00000360  00000-0  52916-4 0  9994
2 37841  19.9707 216.9647 0011872  92.1009 308.4253 14.10523668223922
AO-71
1 37854U 11061E   16042.91283333  .00007456  00000-0  42492-3 0  9997
2 37854 101.7062 021.8674 0177321 086.1373 276.0089 15.00966948232695
HRBE
1 37855U 11061F   16042.90719207  .00007293  00000-0  40654-3 0  9998
2 37855 101.7192 020.0305 0191427 089.6158 272.6982 14.99869589232586
HORYU-2
1 38340U 12025D   16043.19430097  .00001301  00000-0  20207-3 0  9994
2 38340  98.3436  24.8025 0012928  56.5059 303.7382 14.74839002200901
RS-40
1 38735U 12041C   16043.29571453  .00000040  00000-0  21992-3 0  9994
2 38735  82.4741 270.2604 0017455  19.6143 340.5604 12.42571229160735
BEESAT-3
1 39134U 13015E   16042.87944337  .00008583  00000-0  46761-3 0  9999
2 39134 064.8733 009.1159 0012618 236.0995 123.8930 15.14901924154596
BEESAT-2
1 39136U 13015G   16043.29504833  .00007196  00000-0  41760-3 0  9994
2 39136  64.8739  12.4057 0012943 232.4439 127.5509 15.12787966154951
ZACUBE-1
1 39417U 13066B   16043.14761945  .00001097  00000-0  14640-3 0  9996
2 39417  97.6981 101.3023 0061245  74.8116 285.9859 14.80220299120120
TRITON-1
1 39427U 13066M   16043.18932976  .00000821  00000-0  14011-3 0  9991
2 39427  97.6837  84.4384 0116342 120.0757 241.2046 14.67046375119044
GOMX-1
1 39430U 13066Q   16043.29962319  .00000743  00000-0  14480-3 0  9994
2 39430  97.6842  73.7589 0153301 152.3621 208.5832 14.58449652118375
LO-74
1 39440U 13066AA  16042.91227195  .00000992  00000-0  14665-3 0  9990
2 39440 097.6919 094.3623 0082852 092.6367 268.4330 14.74995544118466
SPROUT
1 39770U 14029E   16042.77143501  .00003953  00000-0  47041-3 0  9992
2 39770  97.8702 141.5006 0010772 134.1988 226.0121 14.84900728 93176
EO-80
1 40032U 14033Y   16043.40843674  .00001586  00000-0  18158-3 0  9996
2 40032  97.9368 308.4175 0013445 108.3327 251.9352 14.87350009 89474
VELOX-1
1 40057U 14034E   16043.49842020  .00001579  00000-0  23432-3 0  9990
2 40057  98.1996 130.4220 0011197 183.6809 176.4331 14.76475263 87337
DAURIA DX 1
1 40071U 14037C   16043.52133787  .00000706  00000-0  99216-4 0  9991
2 40071  98.3363 129.5837 0008405 181.3067 178.8126 14.80705545 86358
UKUBE-1
1 40074U 14037F   16043.37466217  .00001564  00000-0  20040-3 0  9995
2 40074  98.3397 131.0547 0004561 178.6998 181.4232 14.82838520 86423
HODOYOSHI-1
1 40299U 14070B   16043.55422225  .00003701  00000-0  17075-3 0  9991
2 40299  97.4385 127.0819 0014299  17.9927  96.3571 15.20777449 70330
CHUBUSAT-1
1 40300U 14070C   16043.51052140  .00003912  00000-0  18787-3 0  9990
2 40300  97.4356 125.6197 0022148  21.3531 104.2302 15.19227605 70249
QSAT-EOS
1 40301U 14070D   16043.48365064  .00007593  00000-0  35195-3 0  9990
2 40301  97.4301 124.8199 0030596  20.4703 112.0698 15.19939059 70204
FIREBIRD FU3
1 40377U 15003B   16043.45334390  .00014430  00000-0  66637-3 0  9998
2 40377  99.0862 126.6076 0148516 184.3615 175.6327 15.10978366 56781
FIREBIRD FU4
1 40378U 15003C   16043.18564289  .00013964  00000-0  64445-3 0  9997
2 40378  99.0862 126.2993 0148787 185.2011 174.7677 15.10976694 56742
GRIFEX
1 40379U 15003D   16043.18568978  .00010063  00000-0  48152-3 0  9991
2 40379  99.0874 125.8100 0151741 187.7331 172.1553 15.09565793 56711
NO-84
1 40654U 15025X   16043.14822266  .00023694  00000-0  52134-3 0 00305
2 40654 054.9936 253.6981 0224275 119.9568 242.3927 15.21598141004822
NO-83
1 40655U 15025X   16043.20917875  .00032954  00000-0  68636-3 0 00329
2 40655 054.9847 250.6996 0212078 120.8494 241.3587 15.24844785004848
DEORBITSAIL
1 40719U 15032E   16042.94392083  .00002114  00000-0  31955-3 0  9997
2 40719 098.0318 295.5947 0015534 284.4728 075.4757 14.75249506031873
NUDT-PHONESAT
1 40900U 15049B   16043.53887672  .00008772  00000-0  46609-3 0  9994
2 40900  97.4465  53.5958 0016810 127.6917  30.8855 15.15408925 22030
XW-2D
1 40907U 15049J   16043.56766213  .00004213  00000-0  24133-3 0  9995
2 40907  97.4510  53.3167 0016788 107.3537  11.2574 15.13031254 22008
XW-2F
1 40910U 15049M   16043.56461862  .00005773  00000-0  32708-3 0  9990
2 40910  97.4539  53.3818 0018097 106.8488  11.3600 15.13249958 21899
XW-2B
1 40911U 15049N   16043.56630087  .00004119  00000-0  23605-3 0  9997
2 40911  97.4558  53.4108 0016672 107.1061  11.4450 15.13028854 21908
DCBB
1 40912U 15049P   16043.53208984  .00005642  00000-0  30357-3 0  9996
2 40912  97.4551  53.7544 0018529 104.2861  51.3656 15.15099569 21924
TW-1C
1 40926U 15051B   16043.53795628  .00017080  00000-0  52580-3 0  9991
2 40926  97.2923  81.9505 0016712 134.9319   3.8318 15.33572502 21481
TW-1A
1 40928U 15051D   16043.40210086  .00007988  00000-0  26104-3 0  9998
2 40928  97.2860  81.5565 0015102 149.2322 325.7668 15.31885149 21453
IO-86
1 40931U 15052B   16043.09719918  .00000914  00000-0  38655-4 0  9993
2 40931   5.9980 134.0488 0012515 135.7720 224.3598 14.76421116 20263
AAUSat-5
1 40948U 98067GZ  16043.18835375  .00308676  00000-0  14640-2 0  9996
2 40948  51.6352 315.7403 0009014 140.7003 219.4655 15.81491928 20306
GomX-3
1 40949U 98067HA  16043.36675623  .00080307  00000-0  75723-3 0  9993
2 40949  51.6398 319.2452 0007568 116.1436 244.0339 15.66318276 20275
LQSat
1 40958U 15057A   16043.42446241  .00000367  00000-0  65177-4 0  9991
2 40958  98.0267 119.9131 0017944 192.6141 167.4623 14.72808186 18872
AO-85
1 40967U 15058D   16043.14090977  .00001363  00000-0  15783-3 0 00379
2 40967 064.7787 268.0105 0215070 243.9754 113.9048 14.74735829004682
ATHENOXAT-1
1 41168U 15077C   16043.49505196  .00006902  00000-0  38277-3 0  9990
2 41168  14.9867 148.1999 0012101  67.5939  19.3749 15.09006330  8730
AGGIESAT4
1 41313U 98067HP  16043.38549014  .00025550  00000-0  37961-3 0  9996
2 41313  51.6450 325.3636 0006899 106.3740 253.8010 15.54987555  2124
KWANGMYONGSONG4
1 41332U 16009A   16043.52820762  .00006635  00000-0  24710-3 0  9992
2 41332  97.5273  91.9698 0025934 318.2925 185.0925 15.27501069   830
