SIRIUS-1                
1 26390U 00035A   16047.41452116  .00000088  00000-0  00000+0 0  9995
2 26390  59.6861 233.9188 2586206 267.3054  60.7513  1.00273951 57245
SIRIUS-2                
1 26483U 00051A   16045.53900043 -.00000046  00000-0  00000+0 0  9999
2 26483  64.4813 114.0553 2806842 266.7797 225.7008  1.00276371 56578
SIRIUS-3                
1 26626U 00077A   16047.75546540 -.00000154  00000-0  00000+0 0  9990
2 26626  64.4359 353.7049 2659045 268.6719  61.1122  1.00281626 55735
XM-1 (ROLL)             
1 26761U 01018A   16047.40631919 -.00000281  00000-0  00000+0 0  9994
2 26761   0.0627  88.7495 0000499 324.7995 199.4457  1.00264374 54185
XM-3 (RHYTHM)           
1 28626U 05008A   16048.31175514 -.00000230  00000-0  00000+0 0  9998
2 28626   0.0217  96.9582 0000403 339.8396  97.0335  1.00261872 40236
XM-4 (BLUES)            
1 29520U 06049A   16047.54996939 -.00000048  00000-0  00000+0 0  9991
2 29520   0.0105 227.3448 0000611  90.0149 271.3219  1.00278572 34157
O3B FM5                 
1 39188U 13031A   16047.17054678 -.00000028  00000-0  00000+0 0  9993
2 39188   0.0553 358.8890 0005333 239.5926 121.4598  5.00115500 48307
O3B FM4                 
1 39189U 13031B   16046.70455990 -.00000027  00000-0  00000-0 0  9994
2 39189   0.0287 347.6726 0005761  32.9393 339.4049  5.00084553 48310
O3B FM2                 
1 39190U 13031C   16046.66010012 -.00000027  00000-0  00000-0 0  9993
2 39190   0.0272 337.6128 0005998  39.7160 342.6852  5.00116213 48283
O3B PFM                 
1 39191U 13031D   16046.46112762 -.00000027  00000-0  00000-0 0  9997
2 39191   0.0472 356.6670 0001801 332.5668  30.7493  5.00115234 48272
O3B FM3                 
1 40079U 14038A   16047.37209184 -.00000029  00000-0  00000+0 0  9999
2 40079   0.0372 351.3408 0002878 284.9844  83.6353  5.00115446 29300
O3B FM7                 
1 40080U 14038B   16048.32708854 -.00000031  00000-0  00000+0 0  9998
2 40080   0.0351 352.4062 0002597 321.2841  46.2812  5.00115365 29379
O3B FM6                 
1 40081U 14038C   16047.14968675 -.00000028  00000-0  00000+0 0  9993
2 40081   0.0363 351.8281 0002589 310.2189  57.9213  5.00115674 29314
O3B FM8                 
1 40082U 14038D   16046.39487277 -.00000027  00000-0  00000-0 0  9994
2 40082   0.0331 351.2560 0001465 345.9851  22.7461  5.00115325 29247
O3B FM10                
1 40348U 14083A   16048.21624885 -.00000031  00000-0  00000+0 0  9994
2 40348   0.0432 353.6429 0003702 330.1046  36.2204  5.00115181 21306
O3B FM11                
1 40349U 14083B   16046.43922199 -.00000027  00000-0  00000+0 0  9991
2 40349   0.0448 356.0901 0003322 332.9618  30.9222  5.00115333 21219
O3B FM12                
1 40350U 14083C   16046.50606703 -.00000027  00000-0  00000-0 0  9992
2 40350   0.0437 356.2620 0002750 333.2660  30.4496  5.00115694 21223
O3B FM9                 
1 40351U 14083D   16047.48317399 -.00000029  00000-0  00000+0 0  9992
2 40351   0.0458 355.0160 0003338 330.1648  34.7906  5.00115366 21261
