CALSPHERE 1             
1 00900U 64063C   16047.88582945  .00000495  00000-0  52753-3 0  9998
2 00900  90.1434   4.2092 0027727 129.5930 230.7689 13.72648948553294
CALSPHERE 2             
1 00902U 64063E   16048.39876876  .00000040  00000-0  46675-4 0  9999
2 00902  90.1483   6.5334 0019016  24.4926  94.7138 13.52628005346673
LCS 1                   
1 01361U 65034C   16048.49898309 -.00000003  00000-0 -15466-2 0  9997
2 01361  32.1399 134.6075 0006494 123.2894 236.8225  9.89289237836617
TEMPSAT 1               
1 01512U 65065E   16048.14055234  .00000036  00000-0  53068-4 0  9999
2 01512  89.8011 251.0829 0071170  43.8578  51.5683 13.33388851457227
CALSPHERE 4(A)          
1 01520U 65065H   16047.84638228  .00000084  00000-0  14832-3 0  9992
2 01520  90.1023 118.3445 0067083 304.5631 125.3034 13.35688934459339
OPS 5712 (P/L 160)      
1 02826U 67053A   16048.19811564  .00001994  00000-0  56324-3 0  9999
2 02826  69.9291 296.7017 0006251 321.8593  38.2095 14.47074696518350
OPS 5712 (P/L 153)      
1 02874U 67053H   16047.84991464  .00000018  00000-0  52020-4 0  9997
2 02874  69.9727 277.9329 0005250  34.7815  40.8430 13.96253720480483
SURCAL 150B             
1 02909U 67053J   16048.44059224  .00004472  00000-0  96522-3 0  9994
2 02909  69.9506  30.1048 0001491 208.4138 151.6919 14.58980562526377
RIGIDSPHERE 2 (LCS 4)   
1 05398U 71067E   16047.83755097  .00000454  00000-0  15408-3 0  9992
2 05398  87.6231 300.3474 0065900  88.8433 272.0312 14.33378503333114
