RADUGA 1 [-]            
1 08513U 75123A   16046.82303395 -.00000074  00000-0  00000-0 0  9997
2 08513  11.2809 317.8548 0007839 173.6463  22.1610  1.00248162156966
RADUGA 2 [-]            
1 09416U 76092A   16046.94127138 -.00000028  00000-0  00000-0 0  9997
2 09416  11.8750 319.7668 0028683 282.3913 307.2776  1.00286474 91496
RADUGA 3 [-]            
1 10159U 77071A   16040.59757616  .00000117  00000-0  00000-0 0  9994
2 10159  12.4043 322.1263 0010386 189.9616 247.7108  1.00218098139134
RADUGA 4 [-]            
1 10987U 78073A   16046.83798352 -.00000077  00000-0  00000-0 0  9997
2 10987  12.8900 324.8949 0011838 275.3631 275.6701  1.00350503 81750
RADUGA 5 [-]            
1 11343U 79035A   16047.51055567 -.00000194  00000-0  00000+0 0  9992
2 11343  13.2322 327.1066 0002114 156.9289 288.3315  1.00289972 91480
RADUGA 6 [-]            
1 11708U 80016A   16048.01921821 -.00000252  00000-0  00000+0 0  9994
2 11708  13.4546 329.5227 0004947 213.1026  58.6642  1.00338385 84320
RADUGA 7 [-]            
1 12003U 80081A   16047.33970774 -.00000003  00000-0  00000+0 0  9994
2 12003  13.5406 331.1340 0012572 220.8457 313.9563  1.00166107 85574
RADUGA 8 [-]            
1 12351U 81027A   16047.54167994 -.00000050  00000-0  00000+0 0  9998
2 12351  13.8305 331.9628 0086745 162.7703  86.4118  1.00410151 84656
RADUGA 9 [-]            
1 12618U 81069A   16046.91975304 -.00000382  00000-0  00000-0 0  9991
2 12618  13.9107 334.0576 0001101 223.2688  31.0927  1.00299630  9497
RADUGA 10 [-]           
1 12897U 81102A   16045.86644355 -.00000111  00000-0  00000-0 0  9990
2 12897  13.9472 334.7895 0004981 164.1563  30.8909  1.00296615 79489
RADUGA 11 [-]           
1 13669U 82113A   16047.74920265 -.00000195  00000-0  00000+0 0  9998
2 13669  15.2428 345.4173 0043063 192.9862  19.5492  0.97709538 84650
RADUGA 12 [-]           
1 13974U 83028A   16048.02150609 -.00000040  00000-0  00000+0 0  9991
2 13974  14.4869 342.9973 0002381 246.8408 350.5603  1.00261794131536
RADUGA 13 [-]           
1 14307U 83088A   16048.48750672 -.00000142  00000-0  00000+0 0  9997
2 14307  15.3422 347.1656 0015439 327.7116 208.6948  0.98174378 81895
RADUGA 14 [-]           
1 14725U 84016A   16046.87479236 -.00000190  00000-0  00000+0 0  9991
2 14725  14.4423 346.0092 0001699 168.7677  27.0768  1.00295061 80237
RADUGA 15 [-]           
1 15057U 84063A   16046.00894266  .00000112  00000-0  00000+0 0  9994
2 15057  14.4885 346.9987 0003525 146.8158  49.3897  1.00341734103236
RADUGA 16 [-]           
1 15946U 85070A   16048.25220341 -.00000295  00000-0  00000+0 0  9999
2 15946  14.5950 351.1083 0003911 215.8310 316.4264  1.00365662 84395
RADUGA 17 [-]           
1 16250U 85107A   16047.64133611 -.00000002  00000-0  00000+0 0  9990
2 16250  14.6136 352.2662 0011138 142.7503  62.4540  1.00182204114004
RADUGA 18 [-]           
1 16497U 86007A   16046.33245020 -.00000292  00000-0  00000+0 0  9997
2 16497  15.2459 354.4773 0071868 103.9669 312.0602  0.98814688108614
RADUGA 19 [-]           
1 17046U 86082A   16048.12076828 -.00000030  00000-0  00000+0 0  9998
2 17046  15.3495 357.8740 0009078 105.6801 320.3678  0.98459083105805
RADUGA 20 [-]           
1 17611U 87028A   16046.76049904 -.00000106  00000-0  00000-0 0  9995
2 17611  17.0845   1.4011 0023933  81.0501  72.0163  0.95961811102096
RADUGA 21 [-]           
1 18631U 87100A   16046.21040470  .00000078  00000-0  00000+0 0  9994
2 18631  15.2591 359.9764 0002823 187.0207 248.8974  1.00218360103228
RADUGA 22 [-]           
1 19596U 88095A   16047.70672872 -.00000355  00000-0  00000+0 0  9990
2 19596  14.8787   3.4667 0004067 119.1630  51.2196  1.00250116 83866
RADUGA 23 [-]           
1 19928U 89030A   16046.84474888 -.00000391  00000-0  00000-0 0  9991
2 19928  14.8578   5.1349 0018832 108.6663  93.1049  1.00248657 97003
RADUGA-1 1 [-]          
1 20083U 89048A   16047.63909176 -.00000278  00000-0  00000+0 0  9998
2 20083  15.3641   7.6320 0016540  56.8240 112.1274  0.98710748 94010
RADUGA 24 [-]           
1 20367U 89098A   16047.97016037  .00000076  00000-0  00000+0 0  9995
2 20367  15.1977   7.7797 0004421 198.6949 338.0840  1.00238946 95197
RADUGA 25 [-]           
1 20499U 90016A   16046.53453867  .00000071  00000-0  00000-0 0  9996
2 20499  14.9174   8.1729 0002783 194.3116 329.0433  1.00235821 95059
RADUGA 26 [-]           
1 21016U 90112A   16046.71718654 -.00000010  00000-0  00000+0 0  9990
2 21016  14.9164  11.2726 0001593 356.7807  96.4138  1.00310959 92392
RADUGA-1 2 [-]          
1 21038U 90116A   16047.01171978  .00000074  00000-0  00000+0 0  9993
2 21038  14.9452  11.3923 0002853  47.3143 139.7758  1.00277192 92066
RADUGA 27 [-]           
1 21132U 91014A   16047.90373272 -.00000103  00000-0  00000+0 0  9999
2 21132  15.4584  11.7103 0001079 212.3658 322.4593  1.00166682 91463
RADUGA 28 [-]           
1 21821U 91087A   16048.05442755  .00000107  00000-0  00000+0 0  9997
2 21821  14.8947  14.7099 0002963  93.8886  88.7558  1.00291231 88513
RADUGA 29 [-]           
1 22557U 93013A   16048.04049252  .00000071  00000-0  00000+0 0  9999
2 22557  14.6795  18.8349 0000699  94.2204  65.8558  1.00312451 83851
RADUGA 30 [-]           
1 22836U 93062A   16046.93833300 -.00000175  00000-0  00000-0 0  9991
2 22836  14.5312  20.6147 0005700 219.5865 323.4278  1.00266240  8151
RADUGA-1 3 [-]          
1 22981U 94008A   16046.94098113 -.00000300  00000-0  00000-0 0  9999
2 22981  14.4894  21.8319 0002144 193.2596   4.6490  1.00238194 80632
RADUGA 31 [-]           
1 23010U 94012A   16046.88758888 -.00000168  00000-0  00000-0 0  9995
2 23010  14.4619  21.7947 0000538 165.0887 355.9379  1.00340033 80502
RADUGA 32 [-]           
1 23448U 94087A   16048.01820426 -.00000171  00000-0  00000+0 0  9990
2 23448  14.1809  24.3022 0008865 182.9817  25.6303  1.00268607 95106
RADUGA-1 4 [-]          
1 25642U 99010A   16046.93817036 -.00000324  00000-0  00000-0 0  9992
2 25642  13.5626  36.8165 0005657 192.3420 350.8276  1.00339553 62106
RADUGA-1 5 [-]          
1 26477U 00049A   16048.07587771  .00000070  00000-0  00000+0 0  9996
2 26477  11.2038  38.4235 0001189 223.3544 322.1498  1.00312454 56651
RADUGA-1 6 [-]          
1 26936U 01045A   16046.52836484 -.00000098  00000-0  00000-0 0  9991
2 26936  10.7736  43.5511 0016839 118.7959 100.4631  0.97744049 51700
RADUGA-1 7 [-]          
1 28194U 04010A   16048.01396756 -.00000209  00000-0  00000+0 0  9996
2 28194   8.9705  50.9805 0003865 157.8238  24.5515  1.00379471 43560
RADUGA-1M 1 [-]         
1 32373U 07058A   16048.55171212 -.00000099  00000-0  00000+0 0  9999
2 32373   2.1122  75.3951 0002696 219.6450 322.8321  0.99394427 30818
RADUGA-1 8 [+]          
1 34264U 09010A   16048.22592878  .00000052  00000-0  00000+0 0  9997
2 34264   4.7930  73.2627 0009361 291.0402  98.9850  0.99818012 25507
RADUGA-1M 2 [+]         
1 36358U 10002A   16047.83061631 -.00000208  00000-0  00000+0 0  9994
2 36358   0.0361 269.0174 0003096  92.4263 168.7848  1.00271902 22176
RADUGA-1M 3 [+]         
1 39375U 13062A   16048.09384895 -.00000063  00000-0  00000+0 0  9993
2 39375   0.0179 176.8627 0002498 147.6651 285.7284  1.00272115  8290
