SCD 1                   
1 22490U 93009B   16048.42539744  .00000401  00000-0  61220-4 0  9995
2 22490  24.9708  55.0809 0042796 247.1955 264.4021 14.44416488215299
TECHSAT 1B (GO-32)      
1 25397U 98043D   16048.46162704  .00000051  00000-0  41295-4 0  9990
2 25397  98.5538 356.6246 0001338  24.6901 335.4341 14.23583496914681
SCD 2                   
1 25504U 98060A   16046.97054591  .00000313  00000-0  37974-4 0  9997
2 25504  24.9950 264.1464 0017050 273.2779 225.4047 14.43945156914183
LANDSAT 7               
1 25682U 99020A   16048.21972961  .00000144  00000-0  41952-4 0  9993
2 25682  98.2266 120.1903 0001311  82.5794 277.5574 14.57110924895828
DLR-TUBSAT              
1 25757U 99029B   16047.76942854  .00000101  00000-0  36922-4 0  9996
2 25757  98.4373 312.8375 0014506 352.2475   7.8475 14.51318443885911
QUIKSCAT                
1 25789U 99034A   16048.15091540  .00000042  00000-0  34965-4 0  9997
2 25789  98.6082 238.3450 0001526  58.9118 301.2212 14.27238035867857
IKONOS 2                
1 25919U 99051A   16048.38763151  .00000991  00000-0  11791-3 0  9994
2 25919  98.0598 134.0023 0006660 311.0809  48.9841 14.86704178877350
TERRA                   
1 25994U 99068A   16048.43680378  .00000258  00000-0  67198-4 0  9999
2 25994  98.1982 124.4247 0001352 105.3907 254.7441 14.57126067859938
EO-1                    
1 26619U 00075A   16048.41134328  .00001171  00000-0  23096-3 0  9994
2 26619  97.8973  93.1197 0009481 198.1732 161.9147 14.64209131812441
EROS A1                 
1 26631U 00079A   16048.53545345  .00112387  00000-0  11959-2 0  9996
2 26631  97.5402 155.0526 0005698 247.2966 168.2359 15.63628999844520
BADR-B                  
1 27003U 01056C   16047.87606660 -.00000007  00000-0  40712-4 0  9997
2 27003  99.2745 197.6323 0020652 157.1865 203.0204 13.70213242709506
MAROC-TUBSAT            
1 27004U 01056D   16047.43398692 -.00000010  00000-0  37368-4 0  9990
2 27004  99.2799 196.6381 0020174 160.3953 266.5401 13.70112275709396
SPOT 5                  
1 27421U 02021A   16048.40160089  .00000238  00000-0  64324-4 0  9994
2 27421  98.4739 103.2945 0135850  14.7851 345.7255 14.51763516715182
AQUA                    
1 27424U 02022A   16047.51490041  .00000530  00000-0  12785-3 0  9991
2 27424  98.2221 349.8616 0001150  94.9916  11.0308 14.57089322733408
IRS-P6 (RESOURCESAT-1)  
1 28051U 03046A   16048.43590462  .00000093  00000-0  62001-4 0  9996
2 28051  98.6693 127.8397 0002801 307.6327  52.4594 14.21646225640265
TANSUO 1 (TS 1)         
1 28220U 04012A   16047.89492046  .00003939  00000-0  33508-3 0  9997
2 28220  97.6319   6.1749 0009510 352.6933   7.4150 14.98358254643586
FORMOSAT-2 (ROCSAT 2)   
1 28254U 04018A   16048.43261539  .00000106  00000-0  10000-3 0  9997
2 28254  98.9556 114.2488 0002466  91.9177  10.9794 14.00762358600591
AURA                    
1 28376U 04026A   16047.50050079  .00000557  00000-0  13369-3 0  9994
2 28376  98.2224 352.0008 0001371  77.0276 283.1075 14.57112602616440
IRS-P5 (CARTOSAT-1)     
1 28649U 05017A   16048.36543107  .00000785  00000-0  10209-3 0  9995
2 28649  97.9101 122.9071 0002157 152.4539 207.6795 14.83431180583953
SINAH 1                 
1 28893U 05043D   16048.11822758  .00000591  00000-0  12846-3 0  9994
2 28893  97.8271 224.9936 0014119 244.2640 236.8941 14.61326746549460
EROS B                  
1 29079U 06014A   16048.52227061  .00009860  00000-0  46720-3 0  9997
2 29079  97.4811 168.1365 0007576 291.8718 131.8285 15.19492412544256
RESURS-DK 1             
1 29228U 06021A   16048.56232007  .00000951  00000-0  80297-4 0  9991
2 29228  69.9357 253.3127 0004646 325.0394  90.7810 15.01781658535182
ARIRANG-2 (KOMPSAT-2)   
1 29268U 06031A   16048.38902524  .00000221  00000-0  53242-4 0  9994
2 29268  98.1431 309.7915 0019475  88.8836 271.4585 14.62099119510006
LAPAN-TUBSAT            
1 29709U 07001A   16048.40206983  .00000415  00000-0  58665-4 0  9990
2 29709  97.6492  37.1066 0011376 241.8183 118.1893 14.81913439492036
CARTOSAT-2 (IRS-P7)     
1 29710U 07001B   16048.45401112  .00000202  00000-0  34659-4 0  9999
2 29710  97.9915 108.8194 0000221 256.1610 103.9585 14.78634629491418
HAIYANG-1B              
1 31113U 07010A   16048.45942646  .00000350  00000-0  15223-3 0  9990
2 31113  98.6271 103.5827 0013758 187.6522 172.4476 14.30112076462047
COSMO-SKYMED 1          
1 31598U 07023A   16048.43685549  .00000348  00000-0  50301-4 0  9999
2 31598  97.8779 233.7361 0001327  85.4585 274.6779 14.82161571470490
TERRASAR-X              
1 31698U 07026A   16048.54120032  .00000308  00000-0  17851-4 0  9995
2 31698  97.4471  57.1213 0001617  87.8679  26.5078 15.19152040481144
WORLDVIEW-1 (WV-1)      
1 32060U 07041A   16048.56599628  .00005426  00000-0  22219-3 0  9998
2 32060  97.8649 160.5892 0002427 134.1844 283.4274 15.24758854468273
YAOGAN 3                
1 32289U 07055A   16048.37966050  .00000627  00000-0  88418-4 0  9994
2 32289  97.9817  46.1058 0001881  82.1093 278.0337 14.80671531446844
COSMO-SKYMED 2          
1 32376U 07059A   16048.40309935  .00000300  00000-0  44201-4 0  9992
2 32376  97.8778 233.7028 0001436  87.9137 272.2263 14.82156390443232
RADARSAT-2              
1 32382U 07061A   16048.45268964  .00000064  00000-0  41603-4 0  9993
2 32382  98.5783  57.1251 0001129 100.6297  60.5844 14.29984442426870
CARTOSAT-2A             
1 32783U 08021A   16048.43150171  .00000372  00000-0  57840-4 0  9995
2 32783  97.9921 108.8080 0014433  90.9836 269.3024 14.78643502421358
IMS-1                   
1 32786U 08021D   16048.38812457  .00001278  00000-0  15874-3 0  9990
2 32786  97.6321  78.3872 0012791  16.8840 343.2808 14.84175430421998
JASON 2 (OSTM)          
1 33105U 08032A   16047.22253265 -.00000046  00000-0  64119-4 0  9996
2 33105  66.0413  53.2326 0008057 273.1687 162.9776 12.80929436358221
RAPIDEYE 2              
1 33312U 08040A   16048.47876645  .00003582  00000-0  48083-3 0  9994
2 33312  97.8569 135.0339 0013907 127.7048 232.5426 14.79877255403535
RAPIDEYE 5              
1 33313U 08040B   16048.43602175  .00000387  00000-0  57930-4 0  9998
2 33313  97.8452 132.9314 0017251   8.7931 351.3577 14.79994917403476
RAPIDEYE 1              
1 33314U 08040C   16048.42374872  .00000481  00000-0  70084-4 0  9998
2 33314  97.8538 134.6363 0024792 139.8978 220.4073 14.79995203403511
RAPIDEYE 3              
1 33315U 08040D   16048.46161258  .00000421  00000-0  62403-4 0  9995
2 33315  97.8432 132.6273 0013721  79.1742 281.1018 14.79992288403487
RAPIDEYE 4              
1 33316U 08040E   16048.44783670  .00000390  00000-0  58359-4 0  9992
2 33316  97.8405 132.1908 0012478  30.5112 329.6821 14.79989622403475
HUANJING 1A (HJ-1A)     
1 33320U 08041A   16048.39957570  .00000718  00000-0  11002-3 0  9991
2 33320  97.9983 113.4830 0027048 148.2214 212.0633 14.76501098401093
HUANJING 1B (HJ-1B)     
1 33321U 08041B   16048.42774090  .00000800  00000-0  12105-3 0  9997
2 33321  98.0022 114.4003 0035200 164.7581 195.4705 14.76555490401080
GEOEYE 1                
1 33331U 08042A   16048.42868344  .00000225  00000-0  51607-4 0  9997
2 33331  98.0813 124.4994 0008817 359.5899   0.5300 14.64298050398028
THEOS                   
1 33396U 08049A   16048.41143803  .00000169  00000-0  10000-3 0  9998
2 33396  98.7370 117.2708 0001049 108.0217 345.5612 14.19995082382534
COSMO-SKYMED 3          
1 33412U 08054A   16048.45792927  .00000047  00000-0  12415-4 0  9992
2 33412  97.8781 233.7565 0001149  90.4254 269.7125 14.82164641395708
YAOGAN 4                
1 33446U 08061A   16048.39738887  .00000301  00000-0  50215-4 0  9998
2 33446  97.5974  68.4293 0018067  84.6797 275.6476 14.76243947388348
GOSAT (IBUKI)           
1 33492U 09002A   16048.42955440 -.00000099  00000-0 -89475-5 0  9992
2 33492  98.0876 159.1253 0001432  72.9795 287.1566 14.67537253378585
YAOGAN 6                
1 34839U 09021A   16048.51261014  .00003080  00000-0  12700-3 0  9992
2 34839  97.2122 112.8390 0028214 240.4110 228.1382 15.24444507378566
DEIMOS-1                
1 35681U 09041A   16048.38426968  .00000253  00000-0  48701-4 0  9996
2 35681  98.0047 304.1808 0002950  80.2042 279.9478 14.71526976351697
DUBAISAT-1              
1 35682U 09041B   16048.40059725  .00000314  00000-0  62289-4 0  9998
2 35682  97.8666 283.4543 0010456 265.3818  94.6191 14.68399902350915
OCEANSAT 2              
1 35931U 09051A   16048.23288142  .00000463  00000-0  12848-3 0  9994
2 35931  98.2637 142.7948 0001279 217.8296 142.2809 14.50879419338993
WORLDVIEW-2 (WV-2)      
1 35946U 09055A   16048.38715230  .00000150  00000-0  64434-4 0  9995
2 35946  98.4629 122.9260 0001693  80.2841 279.8547 14.37707387333706
SMOS                    
1 36036U 09059A   16048.09869974  .00000282  00000-0  10384-3 0  9993
2 36036  98.4438 236.7126 0000964  89.9750 270.1549 14.39763584330666
YAOGAN 7                
1 36110U 09069A   16048.40677530  .00000522  00000-0  84703-4 0  9991
2 36110  98.1461 195.8362 0023315 224.4058 135.5288 14.75258330333262
TANDEM-X                
1 36605U 10030A   16048.48116948  .00000302  00000-0  17567-4 0  9999
2 36605  97.4464  57.0636 0001295  87.9122  58.3728 15.19152785313878
CARTOSAT 2B             
1 36795U 10035A   16048.40122160  .00000432  00000-0  65993-4 0  9999
2 36795  97.9909 108.7696 0015106 155.1723 205.0221 14.78666439302392
YAOGAN 10               
1 36834U 10038A   16048.40465957  .00000430  00000-0  62708-4 0  9999
2 36834  97.9057  44.9244 0001846  80.1633 279.9792 14.80654315298595
COSMO-SKYMED 4          
1 37216U 10060A   16048.41997908  .00000316  00000-0  46195-4 0  9991
2 37216  97.8790 233.7176 0001306  78.5197 281.6177 14.82160999285788
SAC-D                   
1 37673U 11024A   16047.68481252  .00000722  00000-0  12161-3 0  9993
2 37673  98.0120  56.1296 0001089  56.6166  73.7336 14.72449734251917
HAIYANG 2A              
1 37781U 11043A   16048.45544078  .00000359  00000-0  39302-3 0  9998
2 37781  99.3423  61.0579 0000849 134.9441 225.1785 13.79304899227041
RASAT                   
1 37791U 11044D   16048.43736081  .00000276  00000-0  61189-4 0  9992
2 37791  98.1501 139.4826 0021297 206.3566 153.6554 14.64490708240676
MEGHA-TROPIQUES         
1 37838U 11058A   16047.82531478  .00000405  00000-0  79641-4 0  9990
2 37838  19.9764 201.0695 0009687 128.9491 231.1777 14.09695272224397
SRMSAT                  
1 37841U 11058D   16047.80673304  .00000383  00000-0  65702-4 0  9995
2 37841  19.9708 191.1892 0011843 138.4682   8.0599 14.10524773224530
YAOGAN 13               
1 37941U 11072A   16048.50890691  .00004564  00000-0  22911-3 0  9999
2 37941  97.4642 336.4357 0000567 115.1379 359.8086 15.17800926233987
PLEIADES 1A             
1 38012U 11076F   16048.43791582  .00000230  00000-0  59306-4 0  9999
2 38012  98.1690 124.4467 0001326  75.4539 284.6811 14.58565030222050
ZIYUAN 1-02C (ZY 1-02C) 
1 38038U 11079A   16048.42533945  .00000173  00000-0  75098-4 0  9998
2 38038  98.4029 120.5480 0001723  98.0804 262.0577 14.35417150217817
ZIYUAN 3 (ZY 3)         
1 38046U 12001A   16048.52038367  .00004146  00000-0  18770-3 0  9999
2 38046  97.3404 122.5752 0000968  90.4135   5.8185 15.21426686228111
RISAT 1                 
1 38248U 12017A   16048.43038193  .00001743  00000-0  11434-3 0  9997
2 38248  97.5637  56.8041 0003034 268.1194 227.9133 15.08975987209983
ARIRANG-3 (KOMPSAT-3)   
1 38338U 12025B   16048.37503817  .00000354  00000-0  80960-4 0  9997
2 38338  98.1528 347.0478 0011095  55.4219 304.8019 14.61366339200228
KANOPUS-V 1             
1 38707U 12039A   16048.48705470  .00003485  00000-0  16487-3 0  9993
2 38707  97.4692 326.4443 0001824  82.5300   4.0001 15.20029154198285
SPOT 6                  
1 38755U 12047A   16048.38622880  .00000205  00000-0  54034-4 0  9995
2 38755  98.1989 117.1605 0001590  88.3103 271.8278 14.58560550183122
PLEIADES 1B             
1 39019U 12068A   16048.40386053  .00000223  00000-0  57646-4 0  9996
2 39019  98.1746 124.4619 0001305  82.9996 277.1354 14.58568056170902
GOKTURK 2               
1 39030U 12073A   16048.39613437  .00000231  00000-0  51163-4 0  9999
2 39030  98.0484 303.7538 0013246 219.1735 140.8498 14.65640025169208
LANDSAT 8               
1 39084U 13008A   16048.32136320  .00000309  00000-0  78540-4 0  9995
2 39084  98.1995 119.8128 0001225  91.5713 268.5626 14.57126352160292
SARAL                   
1 39086U 13009A   16048.16179110  .00000098  00000-0  52336-4 0  9994
2 39086  98.5405 237.2916 0001022  43.5022 316.6242 14.32251714155544
GAOFEN 1                
1 39150U 13018A   16048.48357532  .00000488  00000-0  77256-4 0  9998
2 39150  97.9834 132.6347 0018476 176.8964 183.2368 14.76488900151570
VNREDSAT 1              
1 39160U 13021B   16048.44680410  .00000386  00000-0  84451-4 0  9995
2 39160  98.1270 126.8151 0001502  89.5460 270.5919 14.62960617148583
ARIRANG-5 (KOMPSAT-5)   
1 39227U 13042A   16048.49413936 -.00000253  00000-0 -13777-4 0  9992
2 39227  97.6002 235.1202 0001868  56.9449  27.0830 15.04528878136664
SKYSAT-1                
1 39418U 13066C   16048.21823410  .00000995  00000-0  88951-4 0  9999
2 39418  97.7350 130.5800 0022559 113.2982 247.0622 14.97991944122313
DUBAISAT-2              
1 39419U 13066D   16048.43288695  .00001507  00000-0  14954-3 0  9995
2 39419  97.7266 124.9243 0015611  87.1215 273.1811 14.93149146122008
GPM-CORE                
1 39574U 14009C   16047.55274764  .00017787  00000-0  25662-3 0  9994
2 39574  65.0129 134.7578 0010308 256.5676 103.4322 15.56042597111829
SENTINEL-1A             
1 39634U 14016A   16048.43003668 -.00000207  00000-0 -34185-4 0  9992
2 39634  98.1815  56.9971 0001255  75.9135 284.2209 14.59196961 99858
KAZEOSAT 1              
1 39731U 14024A   16048.42297531  .00000163  00000-0  63241-4 0  9996
2 39731  98.4605 126.9287 0001217  87.6002 272.5326 14.41983700 94889
ALOS-2                  
1 39766U 14029A   16048.44353609 -.00000026  00000-0  33748-5 0  9999
2 39766  97.9205 146.7596 0001535  95.9657 264.1751 14.79471061 93781
KAZEOSAT 2              
1 40010U 14033A   16048.42755022  .00000406  00000-0  57743-4 0  9992
2 40010  97.9349 309.6082 0018651  59.2179 301.0860 14.82061959 89998
HODOYOSHI-4             
1 40011U 14033B   16048.43181803  .00000762  00000-0  10566-3 0  9990
2 40011  97.9308 307.5259 0028298  50.1655 310.2033 14.80595679 89874
DEIMOS-2                
1 40013U 14033D   16048.40560385  .00001037  00000-0  12946-3 0  9995
2 40013  97.9200 310.7110 0002452  91.2668 268.8801 14.84520111 90127
HODOYOSHI-3             
1 40015U 14033F   16048.26809953  .00000856  00000-0  12456-3 0  9992
2 40015  97.9267 304.7424 0038434  49.9149 310.5420 14.77968490 89696
SPOT 7                  
1 40053U 14034A   16048.48809974 -.00000046  00000-0  00000+0 0  9992
2 40053  98.2142 116.9000 0001280 104.6382 255.4959 14.58544551 87075
SKYSAT-2                
1 40072U 14037D   16048.45570676  .00000586  00000-0  83541-4 0  9991
2 40072  98.3343 134.8076 0006772 160.0434 200.1041 14.80758526 87092
WORLDVIEW-3 (WV-3)      
1 40115U 14048A   16048.38648569  .00000609  00000-0  77380-4 0  9990
2 40115  97.9117 127.3228 0001867  96.4361 263.7074 14.85173263 82013
YAOGAN 21               
1 40143U 14053A   16048.45134436  .00005828  00000-0  23617-3 0  9999
2 40143  97.3599 125.3038 0013214 105.5936 309.6907 15.24957021 80387
YAOGAN 22               
1 40275U 14063A   16048.46704949 -.00000044  00000-0  00000+0 0  9992
2 40275 100.3671 165.0690 0006761 102.0748 258.1120 13.15305862 63784
ASNARO                  
1 40298U 14070A   16048.50544590  .00006570  00000-0  31187-3 0  9997
2 40298  97.4410 132.4242 0002002  83.8943  11.7508 15.19583913 71103
HODOYOSHI-1             
1 40299U 14070B   16048.55150928  .00003904  00000-0  17975-3 0  9998
2 40299  97.4365 132.0144 0013894   0.6877  95.6841 15.20817157 71095
CHUBUSAT-1              
1 40300U 14070C   16048.51059185  .00004070  00000-0  19514-3 0  9996
2 40300  97.4336 130.5404 0021608   4.0960  90.9374 15.19270827 71006
QSAT-EOS                
1 40301U 14070D   16048.54610124  .00007924  00000-0  36636-3 0  9991
2 40301  97.4281 129.8053 0030224   2.7083  93.5035 15.20020031 70972
TSUBAME                 
1 40302U 14070E   16048.50444638  .00004172  00000-0  22409-3 0  9998
2 40302  97.4246 126.8393 0041924  11.3940  83.0255 15.14694882 70786
YAOGAN 23               
1 40305U 14071A   16048.47604007  .00004879  00000-0  24342-3 0  9998
2 40305  97.3833 350.8723 0001437  81.8424  27.6306 15.17971955 69747
YAOGAN 24               
1 40310U 14072A   16048.41919423  .00000590  00000-0  91088-4 0  9998
2 40310  97.9522 168.0586 0016711 190.9812 169.1036 14.76910083 67013
CBERS-4                 
1 40336U 14079A   16048.43845868  .00000074  00000-0  40851-4 0  9995
2 40336  98.5018 125.4772 0001674  78.4398 281.6975 14.35441774 62729
RESURS P2               
1 40360U 14087A   16048.45548757  .00001882  00000-0  62109-4 0  9998
2 40360  97.2828 144.2699 0008936 304.8446 121.5077 15.32638866 64013
YAOGAN 26               
1 40362U 14088A   16048.55903003  .00007159  00000-0  27331-3 0  9991
2 40362  97.3963 127.5216 0002431 312.5942 154.0602 15.26948183 63671
SMAP                    
1 40376U 15003A   16048.44058492  .00000297  00000-0  66487-4 0  9997
2 40376  98.1243  57.2703 0000867  55.2191 304.9098 14.63356301 55855
KOMPSAT 3A              
1 40536U 15014A   16048.57426979  .00003509  00000-0  20754-3 0  9995
2 40536  97.5454 349.4511 0010100 222.7805 257.6009 15.12070915 49664
SENTINEL-2A             
1 40697U 15028A   16047.81585251  .00000001  00000-0  17039-4 0  9990
2 40697  98.5651 123.7436 0001230 104.6441 255.4872 14.30819823 34148
CARBONITE 1 (CBNT-1)    
1 40718U 15032D   16048.52618800  .00000297  00000-0  52421-4 0  9996
2 40718  98.0256 300.8194 0015441 256.5238 103.4254 14.74370902 32688
YAOGAN 27               
1 40878U 15040A   16048.48801898 -.00000045  00000-0  00000+0 0  9991
2 40878 100.4670 110.1501 0008119 234.3182 125.7177 13.15946103 22937
LAPAN-A2                
1 40931U 15052B   16048.09599190  .00001007  00000-0  51698-4 0  9992
2 40931   5.9991  98.4096 0012551 207.6110 152.3546 14.76425209 21008
YAOGAN 28               
1 41026U 15064A   16048.43251094  .00007796  00000-0  26746-3 0  9993
2 41026  97.2534 179.5176 0006737 242.8037 204.4636 15.30408448 15479
YAOGAN 29               
1 41038U 15069A   16048.40200515  .00000329  00000-0  49954-4 0  9992
2 41038  97.8495  33.8003 0001727  62.1957 297.9446 14.80268471 12212
JASON-3                 
1 41240U 16002A   16048.37807776  .00000169  00000-0  10000-2 0  9993
2 41240  66.0432  51.1750 0008275 271.8553  88.1499 12.80932652  3927
