SARSAT 7 (NOAA 15)      
1 25338U 98030A   16047.53100108  .00000107  00000-0  64112-4 0  9993
2 25338  98.7822  51.4443 0010712 173.6753 186.4563 14.25703237923655
GPS BIIR-07             
1 26690U 01004A   16047.49260074 -.00000003  00000-0  00000+0 0  9991
2 26690  53.0004 178.1649 0168830 250.6770 114.1185  2.00564126110252
METEOSAT-8 (MSG-1)      
1 27509U 02040B   16047.27310814 -.00000005  00000-0  00000+0 0  9998
2 27509   3.9855  60.2137 0001717 233.5792 313.7433  1.00271283 49406
GPS BIIR-08             
1 27663U 03005A   16047.19108494 -.00000076  00000-0  00000+0 0  9999
2 27663  56.7744   3.8335 0084895  17.2657 224.1310  2.00560032 95604
INSAT 3A                
1 27714U 03013A   16046.88457147 -.00000281  00000-0  00000-0 0  9991
2 27714   0.0757 267.3052 0002825 135.0940 154.8481  1.00273053 47054
GPS BIIR-11             
1 28190U 04009A   16047.34389352 -.00000026  00000-0  00000+0 0  9996
2 28190  55.7164  65.2394 0111133  37.9928 106.2112  2.00386012 87287
GPS BIIR-12             
1 28361U 04023A   16047.27271981  .00000064  00000-0  00000+0 0  9993
2 28361  54.2384 239.8256 0106085 211.3650 152.3195  2.00557010 85370
GPS BIIR-13             
1 28474U 04045A   16047.24976516 -.00000050  00000-0  00000+0 0  9991
2 28474  54.0000 117.7275 0156168 236.4140 114.1069  2.00557411 82730
SARSAT 10 (NOAA 18)     
1 28654U 05018A   16047.56071648  .00000089  00000-0  73597-4 0  9996
2 28654  99.1971  51.3317 0014253 359.7899   0.3263 14.12267972553567
GPS BIIR-14M            
1 28874U 05038A   16047.34421565 -.00000026  00000-0  00000+0 0  9991
2 28874  55.8837  62.4302 0111897 248.7125 277.6463  2.00567648 76130
MSG-2                   
1 28912U 05049B   16047.26691741  .00000038  00000-0  00000+0 0  9994
2 28912   1.2689  66.2026 0003230 252.0932 292.7392  1.00273403 37232
GOES 13                 
1 29155U 06018A   16046.80460364 -.00000272  00000-0  00000+0 0  9996
2 29155   0.3302  95.6634 0002757 300.0495 324.2734  1.00264181 35676
SARSAT 11 (METOP-A)     
1 29499U 06044A   16047.20722521  .00000043  00000-0  39627-4 0  9994
2 29499  98.7129 107.8855 0002184 119.1606 309.1688 14.21475432483951
GPS BIIR-16M            
1 29601U 06052A   16047.16431023 -.00000077  00000-0  00000+0 0  9993
2 29601  56.7445   2.7600 0057209  36.6349 323.7501  2.00551273 67762
GPS BIIR-17M            
1 32260U 07047A   16046.99146876  .00000063  00000-0  00000+0 0  9996
2 32260  53.3681 236.6144 0079579  26.2153 334.1971  2.00548305 61140
GPS BIIR-18M            
1 32384U 07062A   16047.45493214 -.00000025  00000-0  00000+0 0  9992
2 32384  55.9374  62.9771 0011848 318.7454 154.1947  2.00570700 59883
SARSAT 12 (NOAA 19)     
1 33591U 09005A   16047.56670897  .00000185  00000-0  12593-3 0  9998
2 33591  99.0247   3.4457 0013563 197.9520 162.1174 14.12040551361979
GOES 14                 
1 35491U 09033A   16046.88698718 -.00000114  00000-0  00000+0 0  9995
2 35491   0.0180 167.7094 0004104  69.4330 122.7857  1.00271753 24319
GOES 15                 
1 36411U 10008A   16046.97194527  .00000066  00000-0  00000+0 0  9996
2 36411   0.0712 251.6190 0001942   6.0870 102.2395  1.00273006 21844
ELEKTRO-L 1             
1 37344U 11001A   16047.06576291 -.00000122  00000-0  00000+0 0  9993
2 37344   1.4632  79.8462 0004909 155.2413  10.1006  1.00273309 18628
GLONASS-K 1             
1 37372U 11009A   16047.65232123  .00000003  00000-0  00000+0 0  9997
2 37372  65.1709  81.1136 0009156 241.0076  99.4712  2.13102944 38675
GPS BIIF-2              
1 37753U 11036A   16047.51942582 -.00000049  00000-0  00000+0 0  9993
2 37753  55.2187 120.1992 0049537  24.2307 284.5091  2.00565852 33586
LUCH 5A                 
1 37951U 11074B   16048.40843713 -.00000070  00000-0  00000+0 0  9994
2 37951   1.8714 222.3953 0003112 109.1217 129.4528  1.00275412 15359
MSG-3                   
1 38552U 12035B   16046.59550584 -.00000020  00000-0  00000+0 0  9994
2 38552   0.5416  87.1661 0000956 226.5591  46.2354  1.00281588 13371
SARSAT 13 (METOP-B)     
1 38771U 12049A   16047.61111568  .00000053  00000-0  44138-4 0  9991
2 38771  98.6639 108.5405 0001140 135.9826   8.0229 14.21504477177148
GPS BIIF-3              
1 38833U 12053A   16047.08055422 -.00000042  00000-0  00000+0 0  9996
2 38833  54.4666 298.6305 0041814  18.0592 342.1399  2.00568003 24656
GSAT0103 (GALILEO-FM3)  
1 38857U 12055A   16046.21840085  .00000045  00000-0  00000+0 0  9997
2 38857  54.9516 205.5604 0002436 192.1487 167.8075  1.70473538 20815
GSAT0104 (GALILEO-FM4)  
1 38858U 12055B   16044.97972281  .00000049  00000-0  00000+0 0  9997
2 38858  54.9532 205.5933 0001825 169.0782 190.8858  1.70473600 20737
GPS BIIF-4              
1 39166U 13023A   16047.43838206 -.00000027  00000-0  00000+0 0  9995
2 39166  55.5940  59.6009 0031756   7.6113 352.4783  2.00568402 20184
INSAT-3D                
1 39216U 13038B   16046.36973575 -.00000178  00000-0  00000-0 0  9995
2 39216   0.0617 260.4393 0001453  42.4978  57.0172  1.00272167  9288
GPS BIIF-5              
1 39533U 14008A   16046.93845594 -.00000053  00000-0  00000+0 0  9998
2 39533  54.6203 303.8508 0016863 180.6930 179.3521  2.00567630 14544
LUCH 5V                 
1 39727U 14023A   16048.01133858 -.00000289  00000-0  00000+0 0  9995
2 39727   3.6273 300.2694 0003589  24.6923 280.1720  1.00267378524685
GPS BIIF-6              
1 39741U 14026A   16047.21474241 -.00000048  00000-0  00000+0 0  9992
2 39741  55.2098 119.7272 0005294 255.5599 104.4258  2.00567642 12823
GPS BIIF-7              
1 40105U 14045A   16047.30894382  .00000066  00000-0  00000+0 0  9990
2 40105  54.7565 239.4702 0004382 120.0098 240.0512  2.00567610 11270
GSAT0201                
1 40128U 14050A   16048.41350654 -.00000049  00000-0  00000+0 0  9995
2 40128  50.0027  64.7026 1581246  46.1805 325.9413  1.85520067 10267
GSAT0202                
1 40129U 14050B   16046.52675505 -.00000056  00000-0  00000+0 0  9999
2 40129  50.0584  63.7569 1581216  47.2522 325.0939  1.85520658 10420
GPS BIIF-8              
1 40294U 14068A   16047.17670420  .00000008  00000-0  00000+0 0  9990
2 40294  54.9637 179.8645 0003559 217.4569 142.4864  2.00552596  9496
GLONASS-K 2             
1 40315U 14075A   16048.16839453 -.00000068  00000-0  00000+0 0  9992
2 40315  64.6740 322.3253 0017037 240.7422 257.9065  2.13101318  9453
GPS BIIF-9              
1 40534U 15013A   16047.31676491 -.00000084  00000-0  00000+0 0  9993
2 40534  55.0439 359.4934 0009045 339.1934  20.7671  2.00559370  6562
GSAT0203                
1 40544U 15017A   16046.54562815 -.00000028  00000-0  00000+0 0  9994
2 40544  55.2533  85.7631 0004655 241.5832 118.4340  1.70475625  5505
GSAT0204                
1 40545U 15017B   16047.50233911 -.00000028  00000-0  00000+0 0  9994
2 40545  55.2605  85.7447 0002690 220.6313 139.4139  1.70475835  5535
GPS BIIF-10             
1 40730U 15033A   16047.47533526 -.00000028  00000-0  00000+0 0  9999
2 40730  55.1308  59.4908 0020313 280.2202  79.5917  2.00566542  4325
GSAT 0205               
1 40889U 15045A   16041.87057150 -.00000052  00000-0  00000+0 0  9996
2 40889  57.3313 325.5005 0004851 338.4329  21.5819  1.70474263  2588
GSAT 0206               
1 40890U 15045B   16042.09059010 -.00000053  00000-0  00000-0 0  9992
2 40890  57.3283 325.4927 0003444 329.9514  30.0631  1.70474246  2618
GPS BIIF-11             
1 41019U 15062A   16046.53116842  .00000018  00000-0  00000+0 0  9994
2 41019  54.9788 179.6549 0011560 203.6592 156.2579  2.00562039  2126
