AOR-E (EGNOS/PRN 120)   
1 24307U 96053A   16048.34765856 -.00000150  00000-0  00000+0 0  9998
2 24307   1.6433  80.2091 0007013 239.5771 296.6216  1.00271592 71197
ARTEMIS (EGNOS/PRN 124) 
1 26863U 01029A   16047.13950603  .00000088  00000-0  00000+0 0  9997
2 26863  12.1699  38.2953 0004889 287.4929 251.3680  1.00272688 54553
CRE (WAAS/PRN 138)      
1 28868U 05036A   16047.65208095 -.00000098  00000-0  00000+0 0  9996
2 28868   0.0135  66.7865 0002827 287.6109 279.0804  1.00271416 38310
CRW (WAAS/PRN 135)      
1 28884U 05041A   16046.39998086  .00000057  00000-0  00000+0 0  9990
2 28884   0.0509 280.4734 0001882  59.6173 175.7252  1.00274215 37779
IOR-W (EGNOS/PRN 126)   
1 28899U 05044A   16047.43288564 -.00000011  00000-0  00000+0 0  9999
2 28899   2.4808   5.2243 0002701 329.3150  31.0371  1.00271679 37669
MTSAT-2 (MSAS/PRN 137)  
1 28937U 06004A   16047.81998870 -.00000268  00000-0  00000+0 0  9993
2 28937   0.0356  98.6984 0003761 230.4944 257.2098  1.00270554 36514
AMR (WAAS/PRN 133)      
1 33278U 08039A   16047.57627920 -.00000159  00000-0  00000+0 0  9994
2 33278   2.9934 356.4183 0002690 333.0373 285.9950  1.00271283 27428
QZS-1 (QZSS/PRN 183)    
1 37158U 10045A   16046.80198179 -.00000205  00000-0  00000-0 0  9992
2 37158  40.6702 166.4285 0750132 270.0274 135.2894  1.00265113 19907
GSAT-8 (GAGAN/PRN 127)  
1 37605U 11022A   16048.15067360  .00000060  00000-0  00000+0 0  9999
2 37605   0.0733 266.0425 0007579  15.4542 334.3606  1.00271368 17405
LUCH 5A (SDCM/PRN 140)  
1 37951U 11074B   16048.40843713 -.00000070  00000-0  00000+0 0  9994
2 37951   1.8714 222.3953 0003112 109.1217 129.4528  1.00275412 15359
SES-5 (EGNOS/PRN 136)   
1 38652U 12036A   16046.98103662  .00000011  00000-0  00000+0 0  9999
2 38652   0.0501 276.6180 0002228  42.6550 184.2613  1.00275471 13228
GSAT-10 (GAGAN/PRN 128) 
1 38779U 12051B   16047.36438019 -.00000189  00000-0  00000+0 0  9993
2 38779   0.0610 269.0901 0001792  17.0029  73.8538  1.00272568 12455
LUCH 5B (SDCM/PRN 125)  
1 38977U 12061A   16048.15614461 -.00000156  00000-0  00000+0 0  9993
2 38977   2.5737  78.6385 0004078 226.4248 241.3941  1.00272741 12342
ASTRA 5B (EGNOS/PRN 123)
1 39617U 14011B   16048.13018402  .00000129  00000-0  00000+0 0  9992
2 39617   0.0462 306.9568 0002613  10.4508 267.4606  1.00270897  7032
LUCH 5V (SDCM/PRN 141)  
1 39727U 14023A   16048.01133858 -.00000289  00000-0  00000+0 0  9995
2 39727   3.6273 300.2694 0003589  24.6923 280.1720  1.00267378524685
GSAT-15 (GAGAN/PRN 139) 
1 41028U 15065A   16047.84105270 -.00000282  00000-0  00000+0 0  9999
2 41028   0.0443 267.5459 0001512  18.4467 256.5149  1.00270593  1027
