AKEBONO (EXOS-D)        
1 19822U 89016A   16047.82353100  .00057372  51698-6  12186-2 0  9995
2 19822  75.0384 119.7182 2013505 173.8298 189.2221 11.45955986852940
HST                     
1 20580U 90037B   16047.99891293  .00002138  00000-0  12371-3 0  9993
2 20580  28.4708 338.9181 0002433 344.5785  15.4725 15.08163581216794
POLAR                   
1 23802U 96013A   16047.21534746 -.00000085  00000-0  00000+0 0  9997
2 23802  78.3560 282.6964 7479628 343.7205   1.8492  1.29842302 95841
SWAS                    
1 25560U 98071A   16048.03968701  .00001368  00000-0  14022-3 0  9996
2 25560  69.8986  42.7801 0009985 218.5483 141.4961 14.92908843932974
ORSTED                  
1 25635U 99008B   16048.10109255  .00000517  00000-0  13133-3 0  9996
2 25635  96.4464  61.3831 0139142 358.4384   1.6360 14.47844748895899
CXO                     
1 25867U 99040B   16051.44007189  .00000502  00000-0  00000+0 0  9992
2 25867  76.2687 300.7428 7206514 263.7516   0.3342  0.37797934 14225
XMM-NEWTON              
1 25989U 99066A   16048.99728548 -.00000402  00000-0  00000+0 0  9990
2 25989  67.1990  29.1797 8174901  94.6705   0.3089  0.50164480 18459
TERRA                   
1 25994U 99068A   16048.43680378  .00000258  00000-0  67198-4 0  9999
2 25994  98.1982 124.4247 0001352 105.3907 254.7441 14.57126067859938
CLUSTER II-FM6 (SALSA)  
1 26410U 00041A   16049.36305194 -.00000274  00000-0  00000+0 0  9992
2 26410 131.6583 327.9170 5250565 140.6041 359.4089  0.44223827 15359
CLUSTER II-FM7 (SAMBA)  
1 26411U 00041B   16049.43807548 -.00000449  00000-0  00000+0 0  9995
2 26411 130.7181 329.6664 5754364 147.0426 359.3429  0.44203862 15438
CLUSTER II-FM5 (RUMBA)  
1 26463U 00045A   16049.27211198 -.00000358  00000-0  00000+0 0  9997
2 26463 134.1770 327.3149 5437491 144.5638 359.4113  0.44253341 15939
CLUSTER II-FM8 (TANGO)  
1 26464U 00045B   16047.10113366 -.00000239  00000-0  00000+0 0  9994
2 26464 131.6549 327.9037 5255945 140.5478 359.5047  0.44229381 51268
ODIN                    
1 26702U 01007A   16047.66048507  .00004741  00000-0  32709-3 0  9999
2 26702  97.6321  63.6659 0009982 271.4581  88.5503 15.06243878818389
TIMED                   
1 26998U 01055B   16048.52412697  .00000968  00000-0  11046-3 0  9998
2 26998  74.0710 201.3583 0001672 308.6518  51.4512 14.87633322769250
RHESSI                  
1 27370U 02004A   16048.39516298  .00013161  00000-0  51903-3 0  9990
2 27370  38.0365 123.1094 0010713  67.6920 292.4983 15.25007506771988
INTEGRAL                
1 27540U 02048A   16050.68760444  .00000686  00000-0  00000+0 0  9992
2 27540  52.1314 210.5504 8061746 259.1269   0.3105  0.37725459 12485
CORIOLIS                
1 27640U 03001A   16046.96852019  .00000043  00000-0  41613-4 0  9996
2 27640  98.7505  57.6398 0013039 266.6620 149.4318 14.18887199678879
SORCE                   
1 27651U 03004A   16048.13909833  .00001462  00000-0  16962-3 0  9993
2 27651  39.9953 149.5201 0022429  59.3748 300.9249 14.88212765708341
MOST                    
1 27843U 03031D   16047.54546229  .00000060  00000-0  48201-4 0  9991
2 27843  98.7163  56.5920 0009547 342.8295  17.2557 14.20513082654867
SCISAT 1                
1 27858U 03036A   16048.21178177  .00000467  00000-0  71338-4 0  9998
2 27858  73.9320  67.0060 0009504 279.0150  80.9949 14.76984637674020
SWIFT                   
1 28485U 04047A   16047.86484784  .00003491  00000-0  22117-3 0  9992
2 28485  20.5570 292.6089 0011527 217.6100 142.3527 15.02834103614920
FORMOSAT-3 FM6          
1 29047U 06011A   16048.21222828  .00000342  00000-0  15111-3 0  9997
2 29047  71.9791  98.7062 0052974 270.0524  89.4542 14.28471607515369
FORMOSAT-3 FM1          
1 29048U 06011B   16048.34212610  .00000185  00000-0  89665-4 0  9991
2 29048  71.9691  11.1112 0046193 226.4926 295.2658 14.28418136517872
FORMOSAT-3 FM5          
1 29049U 06011C   16047.53791827  .00000285  00000-0  12928-3 0  9992
2 29049  72.0204 175.4577 0036998 267.1695  92.5206 14.28437680513532
FORMOSAT-3 FM3          
1 29050U 06011D   16048.17303679  .00000819  00000-0  18462-3 0  9991
2 29050  72.0164 121.0954 0051886 317.6144  42.1005 14.58207654525718
FORMOSAT-3 FM4          
1 29051U 06011E   16047.63656508  .00000231  00000-0  10603-3 0  9991
2 29051  72.0050  80.1803 0067136 143.1257 217.4524 14.28450136516134
FORMOSAT-3 FM2          
1 29052U 06011F   16048.51156550  .00000273  00000-0  12427-3 0  9994
2 29052  72.0353 147.9290 0042022 230.8779 128.8619 14.28554242514572
CLOUDSAT                
1 29107U 06016A   16048.45822235  .00000381  00000-0  94620-4 0  9999
2 29107  98.2229 353.4471 0001978  90.3025 269.8400 14.57098013521694
CALIPSO                 
1 29108U 06016B   16048.18237326  .00000723  00000-0  17061-3 0  9994
2 29108  98.2233 352.7601 0001305  81.5075 278.6271 14.57088248521589
HINODE (SOLAR-B)        
1 29479U 06041A   16048.54435375  .00000554  00000-0  11318-3 0  9998
2 29479  98.1561  50.9086 0016170 308.2752  51.6996 14.64639988502307
SJ-6C                   
1 29505U 06046A   16048.44496131  .00000578  00000-0  59485-4 0  9993
2 29505  97.8030  46.8571 0001562 282.2701  77.8311 14.94078463507338
SJ-6D                   
1 29506U 06046B   16048.40692355  .00000914  00000-0  93284-4 0  9995
2 29506  97.8205  45.8177 0001989  16.4481 343.6818 14.93047265507060
AGILE                   
1 31135U 07013A   16047.16501032  .00006542  00000-0  19603-3 0  9999
2 31135   2.4677 295.4407 0013857 349.3634  10.6126 15.27350359489050
AIM                     
1 31304U 07015A   16048.40606906  .00007561  00000-0  46510-3 0  9992
2 31304  97.9509 200.2740 0005360   3.7085 356.4182 15.10328488481556
FGRST (GLAST)           
1 33053U 08029A   16048.18698561  .00001888  00000-0  94288-4 0  9996
2 33053  25.5831  70.1730 0012883  63.2621 296.9231 15.10449330423742
IBEX                    
1 33401U 08051A   16044.42120055 -.00002422  00000-0  00000+0 0  9999
2 33401  26.4293  43.7859 5065143 135.4623   4.7176  0.09890333  3107
WISE                    
1 36119U 09071A   16047.65731848  .00004690  00000-0  18207-3 0  9997
2 36119  97.4908  68.5059 0001768 195.0551 165.0635 15.26584897342000
SDO                     
1 36395U 10005A   16048.32944644 -.00000098  00000-0  00000+0 0  9994
2 36395  28.3006 149.2311 0002335 182.4175 191.4641  1.00268038 22209
CRYOSAT 2               
1 36508U 10013A   16048.15573489  .00000217  00000-0  52721-4 0  9999
2 36508  92.0254  84.8700 0007683 177.4611 182.6637 14.52179277310624
PICARD                  
1 36598U 10028A   16048.44673073  .00000191  00000-0  60245-4 0  9997
2 36598  98.3081 234.3395 0002470  55.0090 305.1343 14.50417905300348
SPEKTR-R                
1 37755U 11037A   16047.00323196 -.00010078  00000-0  00000+0 0  9997
2 37755  46.0496  78.1903 8785867 237.9298   2.0640  0.11026588  1964
GCOM-W1 (SHIZUKU)       
1 38337U 12025A   16047.91212088  .00000446  00000-0  10910-3 0  9991
2 38337  98.2222 349.1811 0001258  80.6866 323.3647 14.57118032199557
NUSTAR                  
1 38358U 12031A   16048.17189754  .00002725  00000-0  21889-3 0  9992
2 38358   6.0253 235.3815 0011519 139.3543 220.7446 14.87203781199956
RBSP A                  
1 38752U 12046A   16047.11933781 -.00000125  00000-0  42426-3 0  9999
2 38752  10.1466  56.2250 6817038  58.3030 350.7528  2.68101912 33823
RBSP B                  
1 38753U 12046B   16048.13415685 -.00000073  00000-0  64536-3 0  9999
2 38753  10.1291  61.5254 6832408  48.0240 352.8435  2.65109631 33676
NEOSSAT                 
1 39089U 13009D   16048.09937456  .00000161  00000-0  73196-4 0  9992
2 39089  98.5893 249.5147 0010139 301.2015  58.8176 14.34321417155715
BRITE-AUSTRIA           
1 39091U 13009F   16048.11158575  .00000116  00000-0  56171-4 0  9999
2 39091  98.5876 250.5618 0009698 313.2338  46.8037 14.34954578155783
UNIBRITE                
1 39092U 13009G   16048.55625032  .00000128  00000-0  60706-4 0  9997
2 39092  98.5879 250.7629 0008482 304.7230  55.3156 14.34828129155832
IRIS                    
1 39197U 13033A   16048.09826869  .00000942  00000-0  13663-3 0  9993
2 39197  97.9117 231.6236 0026898 309.3771  50.5058 14.78119197142290
HISAKI (SPRINT-A)       
1 39253U 13049A   16048.19143130  .00000119  00000-0  76655-4 0  9994
2 39253  29.7203 313.7525 0136759  41.6587 319.4311 13.55147467120272
CASSIOPE                
1 39265U 13055A   16047.76841596  .00015188  00000-0  46277-3 0  9995
2 39265  80.9751 156.5612 0709872 215.8977 139.2489 14.17497968122440
DANDE                   
1 39267U 13055C   16048.17080349  .00014229  00000-0  43985-3 0  9992
2 39267  81.0151 161.0278 0730238 223.5003 130.6325 14.12893783122289
STSAT-3                 
1 39422U 13066G   16048.44872984  .00001216  00000-0  13412-3 0  9995
2 39422  97.7152 118.7119 0024283  44.8599 315.4568 14.89078585121639
BRITE-PL                
1 39431U 13066R   16048.19399022  .00000373  00000-0  89775-4 0  9993
2 39431  97.6818  64.2437 0203123 180.3292 179.7801 14.46663714118187
SWARM B                 
1 39451U 13067A   16048.52935338  .00002339  00000-0  10606-3 0  9999
2 39451  87.7512  33.0591 0004056  90.9326 269.2384 15.20342269124048
SWARM A                 
1 39452U 13067B   16048.19752687  .00007476  00000-0  18564-3 0  9995
2 39452  87.3523 347.2910 0004168  86.4644 273.7087 15.40141582125283
SWARM C                 
1 39453U 13067C   16048.19746945  .00007536  00000-0  18712-3 0  9998
2 39453  87.3523 348.6990 0004026  87.8216 272.3500 15.40142268125243
BRITE-TORONTO           
1 40020U 14033L   16048.51182827  .00000536  00000-0  10033-3 0  9994
2 40020  97.9055 293.1047 0089204  70.8051 290.2781 14.66199635 88929
OCO 2                   
1 40059U 14035A   16048.45106520  .00000381  00000-0  94725-4 0  9996
2 40059  98.2226 350.8871 0001625  69.6453 290.4920 14.57097914 86667
BRITE-PL 2              
1 40119U 14049B   16047.79963642  .00000907  00000-0  11580-3 0  9991
2 40119  97.9681 129.4483 0016623 232.6346 127.3354 14.83816296 81026
RESURS P2               
1 40360U 14087A   16048.45548757  .00001882  00000-0  62109-4 0  9998
2 40360  97.2828 144.2699 0008936 304.8446 121.5077 15.32638866 64013
MMS 1                   
1 40482U 15011A   16047.44292475 -.00000090  00000-0  00000+0 0  9990
2 40482  28.7135 353.6479 8154401  81.3151  10.1417  1.00500760  3427
MMS 2                   
1 40483U 15011B   16046.72694468 -.00000110  00000-0  00000+0 0  9992
2 40483  28.7224 353.7150 8156348  81.2021 111.1189  1.00499973  3411
MMS 3                   
1 40484U 15011C   16047.44292507 -.00000090  00000-0  00000+0 0  9998
2 40484  28.7125 353.6401 8156438  81.3136  10.1812  1.00500771  3429
MMS 4                   
1 40485U 15011D   16047.44292488 -.00000090  00000-0  00000+0 0  9997
2 40485  28.7216 353.6338 8156207  81.3304  10.1500  1.00500742  3423
ASTROSAT                
1 40930U 15052A   16048.18229525  .00001384  00000-0  10524-3 0  9993
2 40930   6.0022  98.0467 0011347 207.0869 152.8778 14.76267311 21021
DAMPE                   
1 41173U 15078A   16048.48824458  .00000821  00000-0  37428-4 0  9998
2 41173  97.2994  64.1429 0015769  68.7491  88.4776 15.23270603  9511
