ISS (ZARYA)             
1 25544U 98067A   16048.17168590  .00011403  00000-0  17503-3 0  9994
2 25544  51.6439 301.5066 0006812 123.3252  32.9543 15.54773665986150
TIANGONG 1              
1 37820U 11053A   16048.03330391  .00018208  00000-0  22976-3 0  9999
2 37820  42.7642 250.0196 0011644 293.3165 203.9619 15.59163356251647
SPINSAT                 
1 40314U 98067FL  16048.20148689  .00046774  00000-0  36219-3 0  9991
2 40314  51.6379 279.4379 0003366 307.4200  52.6491 15.71368798121040
FLOCK 1E-2              
1 40722U 98067GE  16048.12332336  .00485538  10531-3  12721-2 0  9998
2 40722  51.6316 281.5618 0005429 207.7759 283.9987 15.94280675 34221
FLOCK 1E-1              
1 40723U 98067GF  16048.28250095  .00074217  00000-0  49140-3 0  9998
2 40723  51.6349 287.2706 0000626  86.6735  16.4465 15.74854930 34118
FLOCK 1E-4              
1 40724U 98067GG  16048.26342976  .00086850  00000-0  61483-3 0  9997
2 40724  51.6390 287.9263 0001697 221.1212 236.5895 15.73236829 34106
FLOCK 1E-3              
1 40725U 98067GH  16048.08975874  .00086105  00000-0  53376-3 0  9992
2 40725  51.6366 285.8645 0002565 231.1648 282.4703 15.76301939 34083
FLOCK 1E-7              
1 40726U 98067GJ  16048.06135215  .00073537  00000-0  55914-3 0  9993
2 40726  51.6382 289.4789 0002847  69.7656  77.9270 15.71616495 33916
FLOCK 1E-8              
1 40727U 98067GK  16048.08208537  .00083540  00000-0  56973-3 0  9995
2 40727  51.6383 288.1099 0002638  60.6949  86.9312 15.74120805 33927
FLOCK 1E-5              
1 40728U 98067GL  16048.20471389  .00073093  00000-0  54250-3 0  9995
2 40728  51.6369 288.3026 0002021  15.8026  70.7215 15.72193806 33942
FLOCK 1E-6              
1 40729U 98067GM  16048.10371189  .00081832  00000-0  58118-3 0  9999
2 40729  51.6372 288.2248 0001381 337.0793 176.3137 15.73185621 33943
FLOCK 1E-9              
1 40736U 98067GN  16039.02904015  .12989438  12655-4  21586-3 0  9992
2 40736  51.6394 327.5662 0003320 306.5170  54.1203 16.47974792 32580
FLOCK 1E-10             
1 40737U 98067GP  16048.31662189  .00069944  00000-0  52885-3 0  9999
2 40737  51.6408 288.2597 0002496  90.8606  21.1550 15.71771092 33941
FLOCK 1E-11             
1 40738U 98067GQ  16048.11818402  .00081534  00000-0  56259-3 0  9997
2 40738  51.6374 286.8602 0000799 278.0837 214.6240 15.73861322 33768
FLOCK 1E-12             
1 40739U 98067GR  16048.07215677  .00082976  00000-0  62681-3 0  9995
2 40739  51.6379 289.5738 0001487  13.0691 129.2746 15.71725278 33730
FLOCK 1E-13             
1 40740U 98067GS  16048.26103161  .00059369  00000-0  43932-3 0  9990
2 40740  51.6388 287.9254 0002788  79.4957  17.6094 15.72347384 33750
FLOCK 1E-14             
1 40741U 98067GT  16048.07249513  .00075249  00000-0  55294-3 0  9991
2 40741  51.6364 288.8194 0002361  83.8613  61.0974 15.72417732 33714
SOYUZ-TMA 18M           
1 40885U 15043A   16046.61394130  .00012420  00000-0  19020-3 0  9996
2 40885  51.6436 309.2823 0006879 117.4621 314.1575 15.54739380 25908
SERPENS                 
1 40897U 98067GX  16048.04068547  .00266585  00000-0  13308-2 0  9990
2 40897  51.6335 290.3869 0007657 167.1309 192.9889 15.80507739 23772
S-CUBE                  
1 40898U 98067GY  16048.06150486  .00060543  00000-0  60674-3 0  9992
2 40898  51.6387 296.5898 0007785 133.8844 226.2796 15.64907561 23694
PROGRESS-M 29M          
1 40944U 15055A   16046.61394130  .00012420  00000-0  19020-3 0  9995
2 40944  51.6436 309.2823 0006879 117.4621 314.1575 15.54739380 21304
CYGNUS ORB-4            
1 41101U 15072A   16046.61394130  .00012420  00000-0  19020-3 0  9990
2 41101  51.6436 309.2823 0006879 117.4621 314.1575 15.54739380 11017
SOYUZ-TMA 19M           
1 41124U 15076A   16046.61394130  .00012420  00000-0  19020-3 0  9999
2 41124  51.6436 309.2823 0006879 117.4621 314.1575 15.54739380  9659
PROGRESS-MS 01          
1 41177U 15080A   16046.61394130  .00012420  00000-0  19020-3 0  9992
2 41177  51.6436 309.2823 0006879 117.4621 314.1575 15.54739380  8768
AGGIESAT 4              
1 41313U 98067HP  16048.20507190  .00024898  00000-0  36670-3 0  9991
2 41313  51.6469 301.3030 0006948 124.3126 235.8524 15.55242434  2872
1998-067HQ              
1 41314U 98067HQ  16047.88190102  .00036381  00000-0  52545-3 0  9995
2 41314  51.6407 302.8857 0006402 123.5381 236.6195 15.55572822  2620
1998-067HR              
1 41326U 98067HR  16048.10565448  .00447441  00000-0  43939-2 0  9992
2 41326  51.6369 301.4014 0008791 173.3017 186.8306 15.64022194  2073
1998-067HS              
1 41327U 98067HS  16047.92637305  .00261468  00000-0  29975-2 0  9991
2 41327  51.6426 302.4417 0006464 159.7013 200.4404 15.60665143  2058
