TDRS 3                  
1 19548U 88091B   16047.06730442 -.00000317  00000-0  00000+0 0  9998
2 19548  14.7613  13.3410 0039266 304.4169 149.6160  1.00276793 87520
HST                     
1 20580U 90037B   16047.99891293  .00002138  00000-0  12371-3 0  9993
2 20580  28.4708 338.9181 0002433 344.5785  15.4725 15.08163581216794
TDRS 5                  
1 21639U 91054B   16047.35160148  .00000069  00000-0  00000+0 0  9990
2 21639  13.9946  26.7257 0026186 321.9377 116.0184  1.00268002 89860
TDRS 6                  
1 22314U 93003B   16048.16002704 -.00000311  00000-0  00000+0 0  9991
2 22314  13.4838  29.5743 0007958 292.9992 195.8230  1.00270286 84547
TDRS 7                  
1 23613U 95035B   16048.01365863 -.00000218  00000-0  00000+0 0  9999
2 23613  14.7181  20.4143 0022120  14.1553 201.6736  1.00272379 75311
ISS (ZARYA)             
1 25544U 98067A   16048.17168590  .00011403  00000-0  17503-3 0  9994
2 25544  51.6439 301.5066 0006812 123.3252  32.9543 15.54773665986150
LANDSAT 7               
1 25682U 99020A   16048.21972961  .00000144  00000-0  41952-4 0  9993
2 25682  98.2266 120.1903 0001311  82.5794 277.5574 14.57110924895828
TERRA                   
1 25994U 99068A   16048.43680378  .00000258  00000-0  67198-4 0  9999
2 25994  98.1982 124.4247 0001352 105.3907 254.7441 14.57126067859938
TDRS 8                  
1 26388U 00034A   16047.51538612 -.00000249  00000-0  00000+0 0  9998
2 26388   6.6519  60.2847 0005770 223.9355 136.1380  1.00279189 57338
EO-1                    
1 26619U 00075A   16048.41134328  .00001171  00000-0  23096-3 0  9994
2 26619  97.8973  93.1197 0009481 198.1732 161.9147 14.64209131812441
TIMED                   
1 26998U 01055B   16048.52412697  .00000968  00000-0  11046-3 0  9998
2 26998  74.0710 201.3583 0001672 308.6518  51.4512 14.87633322769250
TDRS 9                  
1 27389U 02011A   16048.11626779 -.00000122  00000-0  00000+0 0  9996
2 27389   4.2526  86.0498 0021509 228.6016 221.9024  1.00271830 52602
AQUA                    
1 27424U 02022A   16047.51490041  .00000530  00000-0  12785-3 0  9991
2 27424  98.2221 349.8616 0001150  94.9916  11.0308 14.57089322733408
TDRS 10                 
1 27566U 02055A   16047.24866647  .00000057  00000-0  00000+0 0  9990
2 27566   4.1790  60.6326 0011088 223.9486 136.1503  1.00274643 48383
SORCE                   
1 27651U 03004A   16048.13909833  .00001462  00000-0  16962-3 0  9993
2 27651  39.9953 149.5201 0022429  59.3748 300.9249 14.88212765708341
AURA                    
1 28376U 04026A   16047.50050079  .00000557  00000-0  13369-3 0  9994
2 28376  98.2224 352.0008 0001371  77.0276 283.1075 14.57112602616440
SWIFT                   
1 28485U 04047A   16047.86484784  .00003491  00000-0  22117-3 0  9992
2 28485  20.5570 292.6089 0011527 217.6100 142.3527 15.02834103614920
THEMIS A                
1 30580U 07004A   16048.72546939  .00000184  00000-0  46614-1 0  9996
2 30580  12.1636 293.7243 8308552 333.3271   1.3221  1.00247295 32767
THEMIS D                
1 30797U 07004D   16048.79601138 -.00000189  00000-0  00000+0 0  9999
2 30797   5.8887 282.6168 8269320 346.4316   2.2787  0.99962310 32611
THEMIS E                
1 30798U 07004E   16046.77796512 -.00000225  00000-0  40309-2 0  9997
2 30798   7.4702 294.8679 8301109 334.6633   1.6784  1.00236680 32764
AIM                     
1 31304U 07015A   16048.40606906  .00007561  00000-0  46510-3 0  9992
2 31304  97.9509 200.2740 0005360   3.7085 356.4182 15.10328488481556
FGRST (GLAST)           
1 33053U 08029A   16048.18698561  .00001888  00000-0  94288-4 0  9996
2 33053  25.5831  70.1730 0012883  63.2621 296.9231 15.10449330423742
WISE                    
1 36119U 09071A   16047.65731848  .00004690  00000-0  18207-3 0  9997
2 36119  97.4908  68.5059 0001768 195.0551 165.0635 15.26584897342000
TDRS 11                 
1 39070U 13004A   16047.98384198  .00000074  00000-0  00000+0 0  9995
2 39070   5.9826 329.4030 0011321 286.2648  73.7016  1.00268820 11155
TDRS 12                 
1 39504U 14004A   16046.64659723 -.00000287  00000-0  00000+0 0  9996
2 39504   6.4555 336.8810 0003360 319.9014  40.1566  1.00269850  7602
GPM-CORE                
1 39574U 14009C   16047.55274764  .00017787  00000-0  25662-3 0  9994
2 39574  65.0129 134.7578 0010308 256.5676 103.4322 15.56042597111829
MMS 1                   
1 40482U 15011A   16047.44292475 -.00000090  00000-0  00000+0 0  9990
2 40482  28.7135 353.6479 8154401  81.3151  10.1417  1.00500760  3427
MMS 2                   
1 40483U 15011B   16046.72694468 -.00000110  00000-0  00000+0 0  9992
2 40483  28.7224 353.7150 8156348  81.2021 111.1189  1.00499973  3411
MMS 3                   
1 40484U 15011C   16047.44292507 -.00000090  00000-0  00000+0 0  9998
2 40484  28.7125 353.6401 8156438  81.3136  10.1812  1.00500771  3429
MMS 4                   
1 40485U 15011D   16047.44292488 -.00000090  00000-0  00000+0 0  9997
2 40485  28.7216 353.6338 8156207  81.3304  10.1500  1.00500742  3423
