IRNSS-1E                
1 41241U 16003A   16048.52991528 -.00000321  00000-0  00000+0 0  9998
2 41241  28.0641 123.2653 0021371 184.3477 141.9278  1.00271110   369
PSLV R/B                
1 41242U 16003B   16048.25693200  .00004715  00000-0  11537-2 0  9995
2 41242  19.1214 102.7525 6072273 218.4431  76.8759  3.92656574  1117
INTELSAT 29E (IS-29E)   
1 41308U 16004A   16048.42155015 -.00000308  00000-0  00000+0 0  9990
2 41308   0.1171 295.1549 0000890 310.9960   2.7331  1.00268377   323
ARIANE 5 R/B            
1 41309U 16004B   16047.52679232  .00001536  00000-0  99198-3 0  9996
2 41309   0.6360 273.3999 7255001 216.2614 320.5142  2.29774552   457
EUTELSAT 9B             
1 41310U 16005A   16048.29595698 -.00000013  00000-0  00000+0 0  9997
2 41310   0.0558 210.7088 0000196 111.5927 293.0795  1.00270848   271
BREEZE-M R/B            
1 41311U 16005B   16046.20279573 -.00000177  00000-0  00000+0 0  9999
2 41311  12.5767 111.1851 5973584   7.6065 358.5250  2.17175675   349
BREEZE-M DEB [TANK]     
1 41312U 16005C   16046.19168541  .00001383  00000-0  83975-3 0  9995
2 41312  49.4097 103.6635 5880011   2.2901 359.6305  4.15898122   671
AGGIESAT 4              
1 41313U 98067HP  16048.20507190  .00024898  00000-0  36670-3 0  9991
2 41313  51.6469 301.3030 0006948 124.3126 235.8524 15.55242434  2872
1998-067HQ              
1 41314U 98067HQ  16047.88190102  .00036381  00000-0  52545-3 0  9995
2 41314  51.6407 302.8857 0006402 123.5381 236.6195 15.55572822  2620
BEIDOU M3-S             
1 41315U 16006A   16047.69565458  .00000020  00000-0  00000+0 0  9994
2 41315  55.0101 189.8546 0082170 174.0010 186.8936  1.83916520   332
YZ-1 R/B                
1 41316U 16006B   16044.95924739  .00000035  00000-0  00000+0 0  9998
2 41316  55.1736 190.0493 0848811  18.7475 344.1033  1.60141703   193
CZ-3C R/B               
1 41325U 16006C   16048.28946163  .00030050  00000-0  15077-2 0  9996
2 41325  54.9918 181.4861 5789778 172.9350 201.6306  4.42371322   736
NAVSTAR 76 (USA 266)    
1 41328U 16007A   16047.96381637  .00000066  00000-0  00000+0 0  9994
2 41328  55.0021 239.4796 0002820 351.8216   8.1344  1.97608371   227
ATLAS V CENTAUR R/B     
1 41329U 16007B   16046.73564372  .00000071  00000-0  00000+0 0  9994
2 41329  55.3805 238.4605 0175682 288.7424  69.3725  1.91804755   191
COSMOS 2514 [GLONASS]   
1 41330U 16008A   16048.42312693  .00000007  00000-0  00000+0 0  9991
2 41330  64.8040  81.4431 0014624  40.6472 311.1948  2.12301915   210
FREGAT R/B              
1 41331U 16008B   16047.09403517 -.00000002  00000-0  00000+0 0  9996
2 41331  64.7621  81.4634 0096486  91.8028 222.6897  2.09381972   194
KMS 4                   
1 41332U 16009A   16048.57077628  .00007117  00000-0  26425-3 0  9998
2 41332  97.5272  97.0583 0025863 299.9047 195.5017 15.27575647  1607
UNHA 3 R/B              
1 41333U 16009B   16048.57416552  .00004890  00000-0  15028-3 0  9994
2 41333  97.5357  97.1594 0049839 298.0084  61.6120 15.32975086  1611
2016-011A               
1 41335U 16011A   16048.43607951 -.00000044  00000-0  00000+0 0  9997
2 41335  98.6231 116.8325 0003199  86.1892 273.9641 14.26234643    95
2016-011B               
1 41336U 16011B   16048.54104440 -.00018361  00000-0 -89056-3 0  9999
2 41336  98.6880 116.9726 0239618 306.4907  51.4470 14.96498353   113
2016-012A               
1 41337U 16012A   16048.51871647  .00000087  00000-0  00000+0 0  9990
2 41337  31.0123 315.6538 0019717 329.0382 212.6323 14.99559148    29
