METEOSAT-7              
1 24932U 97049B   16046.55326498  .00000031  00000-0  00000-0 0  9992
2 24932  10.0329  41.8524 0001596 297.6551  62.3983  1.00274111 67569
NOAA 15                 
1 25338U 98030A   16047.53100108  .00000107  00000-0  64112-4 0  9993
2 25338  98.7822  51.4443 0010712 173.6753 186.4563 14.25703237923655
METEOSAT-8 (MSG-1)      
1 27509U 02040B   16047.27310814 -.00000005  00000-0  00000+0 0  9998
2 27509   3.9855  60.2137 0001717 233.5792 313.7433  1.00271283 49406
KALPANA-1 (METSAT 1)    
1 27525U 02043A   16047.55224517 -.00000105  00000-0  00000+0 0  9995
2 27525   5.5200  58.6048 0014934 224.5030 135.5215  1.00271945 49209
INSAT-3A                
1 27714U 03013A   16046.88457147 -.00000281  00000-0  00000-0 0  9991
2 27714   0.0757 267.3052 0002825 135.0940 154.8481  1.00273053 47054
NOAA 18                 
1 28654U 05018A   16047.56071648  .00000089  00000-0  73597-4 0  9996
2 28654  99.1971  51.3317 0014253 359.7899   0.3263 14.12267972553567
METEOSAT-9 (MSG-2)      
1 28912U 05049B   16047.26691741  .00000038  00000-0  00000+0 0  9994
2 28912   1.2689  66.2026 0003230 252.0932 292.7392  1.00273403 37232
MTSAT-2                 
1 28937U 06004A   16047.81998870 -.00000268  00000-0  00000+0 0  9993
2 28937   0.0356  98.6984 0003761 230.4944 257.2098  1.00270554 36514
FORMOSAT-3 FM6          
1 29047U 06011A   16048.21222828  .00000342  00000-0  15111-3 0  9997
2 29047  71.9791  98.7062 0052974 270.0524  89.4542 14.28471607515369
FORMOSAT-3 FM1          
1 29048U 06011B   16048.34212610  .00000185  00000-0  89665-4 0  9991
2 29048  71.9691  11.1112 0046193 226.4926 295.2658 14.28418136517872
FORMOSAT-3 FM5          
1 29049U 06011C   16047.53791827  .00000285  00000-0  12928-3 0  9992
2 29049  72.0204 175.4577 0036998 267.1695  92.5206 14.28437680513532
FORMOSAT-3 FM3          
1 29050U 06011D   16048.17303679  .00000819  00000-0  18462-3 0  9991
2 29050  72.0164 121.0954 0051886 317.6144  42.1005 14.58207654525718
FORMOSAT-3 FM4          
1 29051U 06011E   16047.63656508  .00000231  00000-0  10603-3 0  9991
2 29051  72.0050  80.1803 0067136 143.1257 217.4524 14.28450136516134
FORMOSAT-3 FM2          
1 29052U 06011F   16048.51156550  .00000273  00000-0  12427-3 0  9994
2 29052  72.0353 147.9290 0042022 230.8779 128.8619 14.28554242514572
GOES 13                 
1 29155U 06018A   16046.80460364 -.00000272  00000-0  00000+0 0  9996
2 29155   0.3302  95.6634 0002757 300.0495 324.2734  1.00264181 35676
METOP-A                 
1 29499U 06044A   16047.20722521  .00000043  00000-0  39627-4 0  9994
2 29499  98.7129 107.8855 0002184 119.1606 309.1688 14.21475432483951
FENGYUN 2D              
1 29640U 06053A   16047.94026458 -.00000386  00000-0  10000-3 0  9993
2 29640   3.5499  66.9360 0000771   5.1054 176.0831  1.00260714 33725
FENGYUN 3A              
1 32958U 08026A   16048.53232430  .00000033  00000-0  35305-4 0  9990
2 32958  98.4695  93.9239 0008714 248.1451 111.8799 14.19604154400432
FENGYUN 2E              
1 33463U 08066A   16047.06165926 -.00000226  00000-0  00000+0 0  9992
2 33463   1.2862  59.5633 0002591 211.4100 343.5334  1.00275060 26247
NOAA 19                 
1 33591U 09005A   16047.56670897  .00000185  00000-0  12593-3 0  9998
2 33591  99.0247   3.4457 0013563 197.9520 162.1174 14.12040551361979
GOES 14                 
1 35491U 09033A   16046.88698718 -.00000114  00000-0  00000+0 0  9995
2 35491   0.0180 167.7094 0004104  69.4330 122.7857  1.00271753 24319
METEOR-M 1              
1 35865U 09049A   16048.07640130 -.00000016  00000-0  11459-4 0  9991
2 35865  98.4712  84.2458 0003479 115.3303 303.2413 14.22056673333012
GOES 15                 
1 36411U 10008A   16046.97194527  .00000066  00000-0  00000+0 0  9996
2 36411   0.0712 251.6190 0001942   6.0870 102.2395  1.00273006 21844
COMS 1                  
1 36744U 10032A   16047.37449623 -.00000368  00000-0  00000+0 0  9993
2 36744   0.0146 105.2767 0001387 233.7897  69.7265  1.00269853 20813
FENGYUN 3B              
1 37214U 10059A   16048.46987080  .00000044  00000-0  44672-4 0  9998
2 37214  98.8271   4.0315 0017902  82.6291 277.6913 14.15799531273815
ELEKTRO-L 1 (GOMS 2)    
1 37344U 11001A   16047.06576291 -.00000122  00000-0  00000+0 0  9993
2 37344   1.4632  79.8462 0004909 155.2413  10.1006  1.00273309 18628
SUOMI NPP               
1 37849U 11061A   16047.54229817  .00000064  00000-0  50956-4 0  9995
2 37849  98.7110 347.6146 0001869  96.8429  20.5604 14.19570130223041
FENGYUN 2F              
1 38049U 12002A   16048.01037497 -.00000382  00000-0  00000+0 0  9992
2 38049   0.7428  73.0658 0001327 121.4158  67.5830  1.00276218 15058
METEOSAT-10 (MSG-3)     
1 38552U 12035B   16046.59550584 -.00000020  00000-0  00000+0 0  9994
2 38552   0.5416  87.1661 0000956 226.5591  46.2354  1.00281588 13371
METOP-B                 
1 38771U 12049A   16047.61111568  .00000053  00000-0  44138-4 0  9991
2 38771  98.6639 108.5405 0001140 135.9826   8.0229 14.21504477177148
FENGYUN 3C              
1 39260U 13052A   16048.43844376  .00000080  00000-0  58331-4 0  9991
2 39260  98.7038 121.8456 0000803  63.6684 296.4580 14.19603253124463
METEOR-M 2              
1 40069U 14037A   16048.47207134  .00000003  00000-0  21682-4 0  9997
2 40069  98.7237 105.4148 0005786 165.6998 194.4344 14.20625712 83594
HIMAWARI 8              
1 40267U 14060A   16047.20464879 -.00000299  00000-0  00000+0 0  9998
2 40267   0.0325 277.2180 0000974  67.7680  14.9779  1.00272383  5022
FENGYUN 2G              
1 40367U 14090A   16047.77858451 -.00000353  00000-0  00000+0 0  9998
2 40367   1.4414 273.8878 0002873 238.2724  18.8450  1.00266121  4208
ELEKTRO-L 2             
1 41105U 15074A   16048.01350781 -.00000140  00000-0  00000+0 0  9997
2 41105   0.3345 276.6674 0000185 174.8759 137.5800  1.00271861   685
