APRIZESAT 2             
1 28366U 04025A   16047.97240206  .00000184  00000-0  72409-4 0  9993
2 28366  98.3381 331.1657 0108971  65.1995 296.0481 14.36528868609787
SAUDICOMSAT 1           
1 28369U 04025D   16048.20688362  .00000342  00000-0  94272-4 0  9990
2 28369  98.1286   7.7380 0034986  82.8256 277.6916 14.52223713616258
SAUDICOMSAT 2           
1 28370U 04025E   16048.39112901  .00000278  00000-0  86679-4 0  9993
2 28370  98.2426 358.3854 0057677 190.8725 169.1225 14.47185909614198
APRIZESAT 1             
1 28372U 04025G   16047.82256844  .00000213  00000-0  66219-4 0  9994
2 28372  98.1921   1.8452 0047252 139.2488 221.2256 14.49399375615117
NANOSAT-1               
1 28493U 04049B   16047.39530038  .00000484  00000-0  83382-4 0  9996
2 28493  98.2673 104.0050 0005807 107.6649 252.5193 14.73110096599255
SAUDICOMSAT 7           
1 31119U 07012C   16047.85581042  .00000374  00000-0  82651-4 0  9996
2 31119  97.8830  25.6508 0060918 152.9290 207.5111 14.61421597470929
SAUDICOMSAT 6           
1 31121U 07012E   16047.88053476  .00000337  00000-0  80107-4 0  9990
2 31121  97.9469  16.5150 0076222 207.0643 152.6574 14.58231634469920
SAUDICOMSAT 5           
1 31124U 07012H   16047.86655390  .00000441  00000-0  93002-4 0  9998
2 31124  97.8480  31.3138 0053010 126.3304 234.2809 14.63094000471430
SAUDICOMSAT 3           
1 31125U 07012J   16048.15015757  .00000606  00000-0  12047-3 0  9991
2 31125  97.8149  37.4854 0044961 100.1858 260.4421 14.64793483471998
SAUDICOMSAT 4           
1 31127U 07012L   16047.90618224  .00000361  00000-0  82317-4 0  9999
2 31127  97.9136  21.3533 0068300 178.3112 181.8332 14.59937328470455
APRIZESAT 4             
1 35684U 09041D   16048.40969200  .00000621  00000-0  90442-4 0  9991
2 35684  98.0877 340.9844 0046540 221.3190 256.4505 14.78820018353339
APRIZESAT 3             
1 35686U 09041F   16048.09881092  .00000872  00000-0  10006-3 0  9995
2 35686  98.2322  22.4583 0074277 152.3755 208.1437 14.86757429354959
AISSAT 1                
1 36797U 10035C   16048.24788519  .00001420  00000-0  17104-3 0  9997
2 36797  98.0129 152.1463 0012286 137.6158 222.6008 14.85432451303154
